0.000000000000000000e+00 2.431772708892822266e+00
1.000000000000000000e+00 2.440427541732788086e+00
2.000000000000000000e+00 2.425725460052490234e+00
3.000000000000000000e+00 2.463783264160156250e+00
4.000000000000000000e+00 2.448617935180664062e+00
5.000000000000000000e+00 2.424918174743652344e+00
6.000000000000000000e+00 2.478805065155029297e+00
7.000000000000000000e+00 2.495421409606933594e+00
8.000000000000000000e+00 2.376824378967285156e+00
9.000000000000000000e+00 2.475091695785522461e+00
1.000000000000000000e+01 2.355639934539794922e+00
1.100000000000000000e+01 2.312521457672119141e+00
1.200000000000000000e+01 2.385604381561279297e+00
1.300000000000000000e+01 2.477938652038574219e+00
1.400000000000000000e+01 2.393497228622436523e+00
1.500000000000000000e+01 2.435763597488403320e+00
1.600000000000000000e+01 2.405359029769897461e+00
1.700000000000000000e+01 2.451998233795166016e+00
1.800000000000000000e+01 2.403227567672729492e+00
1.900000000000000000e+01 2.391420125961303711e+00
2.000000000000000000e+01 2.401770591735839844e+00
2.100000000000000000e+01 2.540285587310791016e+00
2.200000000000000000e+01 2.442117452621459961e+00
2.300000000000000000e+01 2.472795963287353516e+00
2.400000000000000000e+01 2.438790321350097656e+00
2.500000000000000000e+01 2.358110427856445312e+00
2.600000000000000000e+01 2.388294458389282227e+00
2.700000000000000000e+01 2.424840450286865234e+00
2.800000000000000000e+01 2.397255659103393555e+00
2.900000000000000000e+01 2.494536399841308594e+00
3.000000000000000000e+01 2.532672405242919922e+00
3.100000000000000000e+01 2.370626449584960938e+00
3.200000000000000000e+01 2.292777299880981445e+00
3.300000000000000000e+01 2.508140325546264648e+00
3.400000000000000000e+01 2.466418266296386719e+00
3.500000000000000000e+01 2.348504304885864258e+00
3.600000000000000000e+01 2.400368213653564453e+00
3.700000000000000000e+01 2.350576162338256836e+00
3.800000000000000000e+01 2.416858434677124023e+00
3.900000000000000000e+01 2.493859529495239258e+00
4.000000000000000000e+01 2.380356073379516602e+00
4.100000000000000000e+01 2.454077482223510742e+00
4.200000000000000000e+01 2.394873857498168945e+00
4.300000000000000000e+01 2.340216636657714844e+00
4.400000000000000000e+01 2.360878944396972656e+00
4.500000000000000000e+01 2.369329929351806641e+00
4.600000000000000000e+01 2.332562208175659180e+00
4.700000000000000000e+01 2.385001897811889648e+00
4.800000000000000000e+01 2.460384368896484375e+00
4.900000000000000000e+01 2.438564062118530273e+00
5.000000000000000000e+01 2.470508098602294922e+00
5.100000000000000000e+01 2.407539129257202148e+00
5.200000000000000000e+01 2.409526824951171875e+00
5.300000000000000000e+01 2.351206302642822266e+00
5.400000000000000000e+01 2.415023326873779297e+00
5.500000000000000000e+01 2.460215091705322266e+00
5.600000000000000000e+01 2.372328996658325195e+00
5.700000000000000000e+01 2.293775081634521484e+00
5.800000000000000000e+01 2.420923948287963867e+00
5.900000000000000000e+01 2.419437885284423828e+00
6.000000000000000000e+01 2.418978452682495117e+00
6.100000000000000000e+01 2.447391271591186523e+00
6.200000000000000000e+01 2.339889764785766602e+00
6.300000000000000000e+01 2.383301258087158203e+00
6.400000000000000000e+01 2.343955755233764648e+00
6.500000000000000000e+01 2.443436384201049805e+00
6.600000000000000000e+01 2.463175773620605469e+00
6.700000000000000000e+01 2.486328601837158203e+00
6.800000000000000000e+01 2.417368650436401367e+00
6.900000000000000000e+01 2.487103939056396484e+00
7.000000000000000000e+01 2.390202999114990234e+00
7.100000000000000000e+01 2.340698480606079102e+00
7.200000000000000000e+01 2.403608560562133789e+00
7.300000000000000000e+01 2.337246894836425781e+00
7.400000000000000000e+01 2.339308977127075195e+00
7.500000000000000000e+01 2.434095144271850586e+00
7.600000000000000000e+01 2.407378911972045898e+00
7.700000000000000000e+01 2.407478094100952148e+00
7.800000000000000000e+01 2.309087753295898438e+00
7.900000000000000000e+01 2.387135267257690430e+00
8.000000000000000000e+01 2.441426515579223633e+00
8.100000000000000000e+01 2.409370660781860352e+00
8.200000000000000000e+01 2.408817768096923828e+00
8.300000000000000000e+01 2.341825962066650391e+00
8.400000000000000000e+01 2.478498935699462891e+00
8.500000000000000000e+01 2.419789075851440430e+00
8.600000000000000000e+01 2.388561248779296875e+00
8.700000000000000000e+01 2.460822820663452148e+00
8.800000000000000000e+01 2.437732219696044922e+00
8.900000000000000000e+01 2.485690355300903320e+00
9.000000000000000000e+01 2.356375694274902344e+00
9.100000000000000000e+01 2.380574226379394531e+00
9.200000000000000000e+01 2.342398166656494141e+00
9.300000000000000000e+01 2.452207803726196289e+00
9.400000000000000000e+01 2.357068300247192383e+00
9.500000000000000000e+01 2.352283716201782227e+00
9.600000000000000000e+01 2.336031675338745117e+00
9.700000000000000000e+01 2.452292203903198242e+00
9.800000000000000000e+01 2.358402490615844727e+00
9.900000000000000000e+01 2.395130395889282227e+00
