0.000000000000000000e+00 2.734048366546630859e+00
1.000000000000000000e+00 2.814725399017333984e+00
2.000000000000000000e+00 2.798512220382690430e+00
3.000000000000000000e+00 2.859726190567016602e+00
4.000000000000000000e+00 2.931550741195678711e+00
5.000000000000000000e+00 2.928328514099121094e+00
6.000000000000000000e+00 2.707484006881713867e+00
7.000000000000000000e+00 2.784273862838745117e+00
8.000000000000000000e+00 2.792813301086425781e+00
9.000000000000000000e+00 2.866612195968627930e+00
1.000000000000000000e+01 2.912346601486206055e+00
1.100000000000000000e+01 2.829462766647338867e+00
1.200000000000000000e+01 2.795069456100463867e+00
1.300000000000000000e+01 2.867539882659912109e+00
1.400000000000000000e+01 2.833945751190185547e+00
1.500000000000000000e+01 2.855789661407470703e+00
1.600000000000000000e+01 2.882452964782714844e+00
1.700000000000000000e+01 2.828908443450927734e+00
1.800000000000000000e+01 2.871573448181152344e+00
1.900000000000000000e+01 2.813170671463012695e+00
2.000000000000000000e+01 2.809116840362548828e+00
2.100000000000000000e+01 2.836804866790771484e+00
2.200000000000000000e+01 2.796518802642822266e+00
2.300000000000000000e+01 2.755574941635131836e+00
2.400000000000000000e+01 2.853666543960571289e+00
2.500000000000000000e+01 2.790179014205932617e+00
2.600000000000000000e+01 2.854497909545898438e+00
2.700000000000000000e+01 2.768168926239013672e+00
2.800000000000000000e+01 2.822045803070068359e+00
2.900000000000000000e+01 2.851806640625000000e+00
3.000000000000000000e+01 2.869201660156250000e+00
3.100000000000000000e+01 2.744734525680541992e+00
3.200000000000000000e+01 2.857838153839111328e+00
3.300000000000000000e+01 2.862013339996337891e+00
3.400000000000000000e+01 2.682723045349121094e+00
3.500000000000000000e+01 2.781616687774658203e+00
3.600000000000000000e+01 2.724905729293823242e+00
3.700000000000000000e+01 2.785532712936401367e+00
3.800000000000000000e+01 2.807794570922851562e+00
3.900000000000000000e+01 2.746186256408691406e+00
4.000000000000000000e+01 2.717344045639038086e+00
4.100000000000000000e+01 2.772185087203979492e+00
4.200000000000000000e+01 2.800774097442626953e+00
4.300000000000000000e+01 2.776152610778808594e+00
4.400000000000000000e+01 2.847472906112670898e+00
4.500000000000000000e+01 2.794017314910888672e+00
4.600000000000000000e+01 2.753404617309570312e+00
4.700000000000000000e+01 2.821222543716430664e+00
4.800000000000000000e+01 2.879249572753906250e+00
4.900000000000000000e+01 2.827983617782592773e+00
5.000000000000000000e+01 2.872630834579467773e+00
5.100000000000000000e+01 2.874869108200073242e+00
5.200000000000000000e+01 2.863726615905761719e+00
5.300000000000000000e+01 2.893598556518554688e+00
5.400000000000000000e+01 2.806110858917236328e+00
5.500000000000000000e+01 2.872062206268310547e+00
5.600000000000000000e+01 2.829685211181640625e+00
5.700000000000000000e+01 2.745981216430664062e+00
5.800000000000000000e+01 2.770157814025878906e+00
5.900000000000000000e+01 2.814561605453491211e+00
6.000000000000000000e+01 2.702943563461303711e+00
6.100000000000000000e+01 2.822544336318969727e+00
6.200000000000000000e+01 2.816774129867553711e+00
6.300000000000000000e+01 2.841563224792480469e+00
6.400000000000000000e+01 2.827251911163330078e+00
6.500000000000000000e+01 2.865288257598876953e+00
6.600000000000000000e+01 2.777336120605468750e+00
6.700000000000000000e+01 2.800666332244873047e+00
6.800000000000000000e+01 2.773894071578979492e+00
6.900000000000000000e+01 2.814716577529907227e+00
7.000000000000000000e+01 2.886417865753173828e+00
7.100000000000000000e+01 2.824270486831665039e+00
7.200000000000000000e+01 2.869938611984252930e+00
7.300000000000000000e+01 2.798877239227294922e+00
7.400000000000000000e+01 2.802775144577026367e+00
7.500000000000000000e+01 2.742379188537597656e+00
7.600000000000000000e+01 2.798719882965087891e+00
7.700000000000000000e+01 2.839747905731201172e+00
7.800000000000000000e+01 2.882452726364135742e+00
7.900000000000000000e+01 2.755080938339233398e+00
8.000000000000000000e+01 2.871915340423583984e+00
8.100000000000000000e+01 2.901048898696899414e+00
8.200000000000000000e+01 2.765168905258178711e+00
8.300000000000000000e+01 2.794880151748657227e+00
8.400000000000000000e+01 2.840681076049804688e+00
8.500000000000000000e+01 2.813488245010375977e+00
8.600000000000000000e+01 2.787630558013916016e+00
8.700000000000000000e+01 2.833321094512939453e+00
8.800000000000000000e+01 2.789805889129638672e+00
8.900000000000000000e+01 2.808129310607910156e+00
9.000000000000000000e+01 2.820037126541137695e+00
9.100000000000000000e+01 2.839670896530151367e+00
9.200000000000000000e+01 2.892531394958496094e+00
9.300000000000000000e+01 2.805512189865112305e+00
9.400000000000000000e+01 2.839298009872436523e+00
9.500000000000000000e+01 2.821723699569702148e+00
9.600000000000000000e+01 2.707125186920166016e+00
9.700000000000000000e+01 2.810927391052246094e+00
9.800000000000000000e+01 2.802887916564941406e+00
9.900000000000000000e+01 2.785362243652343750e+00
