0.000000000000000000e+00 1.460623741149902344e+00
1.000000000000000000e+00 1.319861888885498047e+00
2.000000000000000000e+00 1.445039272308349609e+00
3.000000000000000000e+00 1.435947418212890625e+00
4.000000000000000000e+00 1.392247438430786133e+00
5.000000000000000000e+00 1.367520332336425781e+00
6.000000000000000000e+00 1.438478589057922363e+00
7.000000000000000000e+00 1.415342569351196289e+00
8.000000000000000000e+00 1.410510540008544922e+00
9.000000000000000000e+00 1.427823424339294434e+00
1.000000000000000000e+01 1.438634157180786133e+00
1.100000000000000000e+01 1.407634973526000977e+00
1.200000000000000000e+01 1.397881507873535156e+00
1.300000000000000000e+01 1.384050607681274414e+00
1.400000000000000000e+01 1.425476908683776855e+00
1.500000000000000000e+01 1.411908149719238281e+00
1.600000000000000000e+01 1.432471513748168945e+00
1.700000000000000000e+01 1.415576815605163574e+00
1.800000000000000000e+01 1.403513550758361816e+00
1.900000000000000000e+01 1.405731081962585449e+00
2.000000000000000000e+01 1.440936088562011719e+00
2.100000000000000000e+01 1.427934527397155762e+00
2.200000000000000000e+01 1.418016433715820312e+00
2.300000000000000000e+01 1.411677241325378418e+00
2.400000000000000000e+01 1.397386670112609863e+00
2.500000000000000000e+01 1.490412950515747070e+00
2.600000000000000000e+01 1.428265810012817383e+00
2.700000000000000000e+01 1.405531883239746094e+00
2.800000000000000000e+01 1.401106715202331543e+00
2.900000000000000000e+01 1.430512785911560059e+00
3.000000000000000000e+01 1.409246325492858887e+00
3.100000000000000000e+01 1.473378181457519531e+00
3.200000000000000000e+01 1.399901151657104492e+00
3.300000000000000000e+01 1.416751503944396973e+00
3.400000000000000000e+01 1.464156270027160645e+00
3.500000000000000000e+01 1.457029938697814941e+00
3.600000000000000000e+01 1.413807153701782227e+00
3.700000000000000000e+01 1.392895221710205078e+00
3.800000000000000000e+01 1.431111931800842285e+00
3.900000000000000000e+01 1.426447510719299316e+00
4.000000000000000000e+01 1.417242527008056641e+00
4.100000000000000000e+01 1.411746382713317871e+00
4.200000000000000000e+01 1.420248389244079590e+00
4.300000000000000000e+01 1.425636053085327148e+00
4.400000000000000000e+01 1.403406620025634766e+00
4.500000000000000000e+01 1.408769488334655762e+00
4.600000000000000000e+01 1.400442838668823242e+00
4.700000000000000000e+01 1.412096023559570312e+00
4.800000000000000000e+01 1.432752013206481934e+00
4.900000000000000000e+01 1.436926841735839844e+00
5.000000000000000000e+01 1.391915202140808105e+00
5.100000000000000000e+01 1.439832448959350586e+00
5.200000000000000000e+01 1.402216196060180664e+00
5.300000000000000000e+01 1.433517456054687500e+00
5.400000000000000000e+01 1.396950125694274902e+00
5.500000000000000000e+01 1.434744477272033691e+00
5.600000000000000000e+01 1.461846590042114258e+00
5.700000000000000000e+01 1.430047631263732910e+00
5.800000000000000000e+01 1.408642768859863281e+00
5.900000000000000000e+01 1.405586600303649902e+00
6.000000000000000000e+01 1.420336723327636719e+00
6.100000000000000000e+01 1.307806134223937988e+00
6.200000000000000000e+01 1.385242700576782227e+00
6.300000000000000000e+01 1.412204504013061523e+00
6.400000000000000000e+01 1.389185309410095215e+00
6.500000000000000000e+01 1.391717076301574707e+00
6.600000000000000000e+01 1.377501964569091797e+00
6.700000000000000000e+01 1.398009538650512695e+00
6.800000000000000000e+01 1.373267173767089844e+00
6.900000000000000000e+01 1.254798769950866699e+00
7.000000000000000000e+01 1.251839280128479004e+00
7.100000000000000000e+01 1.363935232162475586e+00
7.200000000000000000e+01 1.343304038047790527e+00
7.300000000000000000e+01 1.314981222152709961e+00
7.400000000000000000e+01 1.254444122314453125e+00
7.500000000000000000e+01 1.378751993179321289e+00
7.600000000000000000e+01 1.341930270195007324e+00
7.700000000000000000e+01 1.403538942337036133e+00
7.800000000000000000e+01 1.338013291358947754e+00
7.900000000000000000e+01 1.287216305732727051e+00
8.000000000000000000e+01 1.391498923301696777e+00
8.100000000000000000e+01 1.348229885101318359e+00
8.200000000000000000e+01 1.386735916137695312e+00
8.300000000000000000e+01 1.473121166229248047e+00
8.400000000000000000e+01 1.455932021141052246e+00
8.500000000000000000e+01 1.399770736694335938e+00
8.600000000000000000e+01 1.380467891693115234e+00
8.700000000000000000e+01 1.342476367950439453e+00
8.800000000000000000e+01 1.404710650444030762e+00
8.900000000000000000e+01 1.305101156234741211e+00
9.000000000000000000e+01 1.352066397666931152e+00
9.100000000000000000e+01 1.357427835464477539e+00
9.200000000000000000e+01 1.446263074874877930e+00
9.300000000000000000e+01 1.430320739746093750e+00
9.400000000000000000e+01 1.438686013221740723e+00
9.500000000000000000e+01 1.431943416595458984e+00
9.600000000000000000e+01 1.399857163429260254e+00
9.700000000000000000e+01 1.443229913711547852e+00
9.800000000000000000e+01 1.404753446578979492e+00
9.900000000000000000e+01 1.381821274757385254e+00
