0.000000000000000000e+00 3.029401540756225586e+00
1.000000000000000000e+00 2.849868059158325195e+00
2.000000000000000000e+00 2.967171669006347656e+00
3.000000000000000000e+00 3.029123067855834961e+00
4.000000000000000000e+00 2.934386014938354492e+00
5.000000000000000000e+00 2.985321998596191406e+00
6.000000000000000000e+00 3.068186998367309570e+00
7.000000000000000000e+00 2.997538328170776367e+00
8.000000000000000000e+00 2.979109525680541992e+00
9.000000000000000000e+00 2.969778537750244141e+00
1.000000000000000000e+01 2.994686841964721680e+00
1.100000000000000000e+01 3.015105724334716797e+00
1.200000000000000000e+01 2.940483808517456055e+00
1.300000000000000000e+01 3.029940605163574219e+00
1.400000000000000000e+01 3.054587841033935547e+00
1.500000000000000000e+01 2.975248575210571289e+00
1.600000000000000000e+01 3.092270612716674805e+00
1.700000000000000000e+01 2.974673986434936523e+00
1.800000000000000000e+01 2.974265098571777344e+00
1.900000000000000000e+01 2.939838886260986328e+00
2.000000000000000000e+01 2.989681482315063477e+00
2.100000000000000000e+01 2.938236474990844727e+00
2.200000000000000000e+01 3.037341356277465820e+00
2.300000000000000000e+01 2.997122049331665039e+00
2.400000000000000000e+01 3.028610706329345703e+00
2.500000000000000000e+01 2.956502676010131836e+00
2.600000000000000000e+01 2.904500961303710938e+00
2.700000000000000000e+01 2.955254793167114258e+00
2.800000000000000000e+01 2.985315561294555664e+00
2.900000000000000000e+01 2.966275215148925781e+00
3.000000000000000000e+01 2.926923036575317383e+00
3.100000000000000000e+01 3.052136182785034180e+00
3.200000000000000000e+01 3.025157213211059570e+00
3.300000000000000000e+01 2.917897462844848633e+00
3.400000000000000000e+01 2.956243991851806641e+00
3.500000000000000000e+01 3.030244588851928711e+00
3.600000000000000000e+01 3.045176982879638672e+00
3.700000000000000000e+01 3.036087274551391602e+00
3.800000000000000000e+01 3.014410734176635742e+00
3.900000000000000000e+01 3.006853818893432617e+00
4.000000000000000000e+01 2.926587104797363281e+00
4.100000000000000000e+01 3.021354436874389648e+00
4.200000000000000000e+01 2.932528972625732422e+00
4.300000000000000000e+01 2.929653406143188477e+00
4.400000000000000000e+01 2.972297191619873047e+00
4.500000000000000000e+01 3.013906240463256836e+00
4.600000000000000000e+01 2.943720579147338867e+00
4.700000000000000000e+01 2.962029218673706055e+00
4.800000000000000000e+01 2.970983982086181641e+00
4.900000000000000000e+01 2.977517843246459961e+00
5.000000000000000000e+01 3.004171609878540039e+00
5.100000000000000000e+01 2.917715311050415039e+00
5.200000000000000000e+01 3.108284950256347656e+00
5.300000000000000000e+01 2.941373109817504883e+00
5.400000000000000000e+01 2.982878208160400391e+00
5.500000000000000000e+01 3.012443542480468750e+00
5.600000000000000000e+01 2.958879947662353516e+00
5.700000000000000000e+01 3.003983020782470703e+00
5.800000000000000000e+01 2.979451417922973633e+00
5.900000000000000000e+01 2.904515743255615234e+00
6.000000000000000000e+01 2.990114927291870117e+00
6.100000000000000000e+01 2.980185270309448242e+00
6.200000000000000000e+01 2.933354854583740234e+00
6.300000000000000000e+01 2.988854169845581055e+00
6.400000000000000000e+01 3.053213596343994141e+00
6.500000000000000000e+01 3.048969984054565430e+00
6.600000000000000000e+01 3.032184123992919922e+00
6.700000000000000000e+01 3.003648996353149414e+00
6.800000000000000000e+01 2.979359865188598633e+00
6.900000000000000000e+01 2.915652036666870117e+00
7.000000000000000000e+01 3.021554708480834961e+00
7.100000000000000000e+01 2.979906082153320312e+00
7.200000000000000000e+01 2.854665279388427734e+00
7.300000000000000000e+01 3.006060838699340820e+00
7.400000000000000000e+01 3.039164543151855469e+00
7.500000000000000000e+01 3.074613094329833984e+00
7.600000000000000000e+01 2.988515615463256836e+00
7.700000000000000000e+01 2.993437528610229492e+00
7.800000000000000000e+01 2.974553346633911133e+00
7.900000000000000000e+01 2.903195142745971680e+00
8.000000000000000000e+01 2.938136339187622070e+00
8.100000000000000000e+01 2.955300331115722656e+00
8.200000000000000000e+01 2.928650617599487305e+00
8.300000000000000000e+01 2.970202207565307617e+00
8.400000000000000000e+01 3.051379680633544922e+00
8.500000000000000000e+01 3.081599473953247070e+00
8.600000000000000000e+01 2.941334724426269531e+00
8.700000000000000000e+01 2.983459472656250000e+00
8.800000000000000000e+01 2.956274032592773438e+00
8.900000000000000000e+01 2.990415573120117188e+00
9.000000000000000000e+01 2.976236104965209961e+00
9.100000000000000000e+01 3.002806663513183594e+00
9.200000000000000000e+01 3.090227603912353516e+00
9.300000000000000000e+01 3.014283895492553711e+00
9.400000000000000000e+01 2.924059867858886719e+00
9.500000000000000000e+01 2.966955184936523438e+00
9.600000000000000000e+01 3.062733888626098633e+00
9.700000000000000000e+01 3.082607269287109375e+00
9.800000000000000000e+01 2.965080738067626953e+00
9.900000000000000000e+01 3.072384595870971680e+00
