0.000000000000000000e+00 2.189321756362915039e+00
1.000000000000000000e+00 2.156677484512329102e+00
2.000000000000000000e+00 2.205736160278320312e+00
3.000000000000000000e+00 2.215775966644287109e+00
4.000000000000000000e+00 2.226642608642578125e+00
5.000000000000000000e+00 2.242144584655761719e+00
6.000000000000000000e+00 2.229228496551513672e+00
7.000000000000000000e+00 2.235892534255981445e+00
8.000000000000000000e+00 2.160280466079711914e+00
9.000000000000000000e+00 2.172020912170410156e+00
1.000000000000000000e+01 2.242179870605468750e+00
1.100000000000000000e+01 2.246522426605224609e+00
1.200000000000000000e+01 2.257971048355102539e+00
1.300000000000000000e+01 2.323888063430786133e+00
1.400000000000000000e+01 2.252949237823486328e+00
1.500000000000000000e+01 2.264199256896972656e+00
1.600000000000000000e+01 2.179476261138916016e+00
1.700000000000000000e+01 2.093123912811279297e+00
1.800000000000000000e+01 2.125096321105957031e+00
1.900000000000000000e+01 2.256371259689331055e+00
2.000000000000000000e+01 2.204303741455078125e+00
2.100000000000000000e+01 2.114314317703247070e+00
2.200000000000000000e+01 2.106838464736938477e+00
2.300000000000000000e+01 2.163838148117065430e+00
2.400000000000000000e+01 2.108974933624267578e+00
2.500000000000000000e+01 2.218023300170898438e+00
2.600000000000000000e+01 2.232889175415039062e+00
2.700000000000000000e+01 2.145727396011352539e+00
2.800000000000000000e+01 2.215401649475097656e+00
2.900000000000000000e+01 2.146237611770629883e+00
3.000000000000000000e+01 2.192723512649536133e+00
3.100000000000000000e+01 2.285126447677612305e+00
3.200000000000000000e+01 2.254691839218139648e+00
3.300000000000000000e+01 2.242467880249023438e+00
3.400000000000000000e+01 2.233758449554443359e+00
3.500000000000000000e+01 2.236457347869873047e+00
3.600000000000000000e+01 2.210958242416381836e+00
3.700000000000000000e+01 2.240820646286010742e+00
3.800000000000000000e+01 2.200377941131591797e+00
3.900000000000000000e+01 2.218566417694091797e+00
4.000000000000000000e+01 2.135103702545166016e+00
4.100000000000000000e+01 2.213980674743652344e+00
4.200000000000000000e+01 2.168805599212646484e+00
4.300000000000000000e+01 2.129077672958374023e+00
4.400000000000000000e+01 2.163496255874633789e+00
4.500000000000000000e+01 2.135823249816894531e+00
4.600000000000000000e+01 2.152758836746215820e+00
4.700000000000000000e+01 2.108984470367431641e+00
4.800000000000000000e+01 2.221128225326538086e+00
4.900000000000000000e+01 2.168596744537353516e+00
5.000000000000000000e+01 2.203829050064086914e+00
5.100000000000000000e+01 2.133397340774536133e+00
5.200000000000000000e+01 2.301985025405883789e+00
5.300000000000000000e+01 2.178214311599731445e+00
5.400000000000000000e+01 2.234566688537597656e+00
5.500000000000000000e+01 2.299452066421508789e+00
5.600000000000000000e+01 2.275882005691528320e+00
5.700000000000000000e+01 2.243386268615722656e+00
5.800000000000000000e+01 2.183534145355224609e+00
5.900000000000000000e+01 2.225450277328491211e+00
6.000000000000000000e+01 2.168503046035766602e+00
6.100000000000000000e+01 2.152569770812988281e+00
6.200000000000000000e+01 2.204595327377319336e+00
6.300000000000000000e+01 2.258755207061767578e+00
6.400000000000000000e+01 2.251473188400268555e+00
6.500000000000000000e+01 2.242522716522216797e+00
6.600000000000000000e+01 2.170496702194213867e+00
6.700000000000000000e+01 2.172349452972412109e+00
6.800000000000000000e+01 2.090648174285888672e+00
6.900000000000000000e+01 2.144685983657836914e+00
7.000000000000000000e+01 2.238172054290771484e+00
7.100000000000000000e+01 2.190078496932983398e+00
7.200000000000000000e+01 2.223196744918823242e+00
7.300000000000000000e+01 2.214516639709472656e+00
7.400000000000000000e+01 2.187094926834106445e+00
7.500000000000000000e+01 2.223887443542480469e+00
7.600000000000000000e+01 2.139752626419067383e+00
7.700000000000000000e+01 2.159335851669311523e+00
7.800000000000000000e+01 2.151569366455078125e+00
7.900000000000000000e+01 2.123492479324340820e+00
8.000000000000000000e+01 2.223912477493286133e+00
8.100000000000000000e+01 2.119439840316772461e+00
8.200000000000000000e+01 2.102305173873901367e+00
8.300000000000000000e+01 2.267562627792358398e+00
8.400000000000000000e+01 2.229561328887939453e+00
8.500000000000000000e+01 2.253615379333496094e+00
8.600000000000000000e+01 2.139681577682495117e+00
8.700000000000000000e+01 2.160451650619506836e+00
8.800000000000000000e+01 2.165273904800415039e+00
8.900000000000000000e+01 2.163289308547973633e+00
9.000000000000000000e+01 2.166549205780029297e+00
9.100000000000000000e+01 2.183227777481079102e+00
9.200000000000000000e+01 2.114882469177246094e+00
9.300000000000000000e+01 2.211457252502441406e+00
9.400000000000000000e+01 2.269624233245849609e+00
9.500000000000000000e+01 2.282871484756469727e+00
9.600000000000000000e+01 2.220547437667846680e+00
9.700000000000000000e+01 2.190546274185180664e+00
9.800000000000000000e+01 2.152330636978149414e+00
9.900000000000000000e+01 2.216638326644897461e+00
