0.000000000000000000e+00 2.647884607315063477e+00
1.000000000000000000e+00 2.534271955490112305e+00
2.000000000000000000e+00 2.571566343307495117e+00
3.000000000000000000e+00 2.567061662673950195e+00
4.000000000000000000e+00 2.654682636260986328e+00
5.000000000000000000e+00 2.694786787033081055e+00
6.000000000000000000e+00 2.712970972061157227e+00
7.000000000000000000e+00 2.674080848693847656e+00
8.000000000000000000e+00 2.600767612457275391e+00
9.000000000000000000e+00 2.562158823013305664e+00
1.000000000000000000e+01 2.648835659027099609e+00
1.100000000000000000e+01 2.616044044494628906e+00
1.200000000000000000e+01 2.552692890167236328e+00
1.300000000000000000e+01 2.574482440948486328e+00
1.400000000000000000e+01 2.590994119644165039e+00
1.500000000000000000e+01 2.736986637115478516e+00
1.600000000000000000e+01 2.714354515075683594e+00
1.700000000000000000e+01 2.593466043472290039e+00
1.800000000000000000e+01 2.614408969879150391e+00
1.900000000000000000e+01 2.591753959655761719e+00
2.000000000000000000e+01 2.524515867233276367e+00
2.100000000000000000e+01 2.565389871597290039e+00
2.200000000000000000e+01 2.507274627685546875e+00
2.300000000000000000e+01 2.626684188842773438e+00
2.400000000000000000e+01 2.591694593429565430e+00
2.500000000000000000e+01 2.601400852203369141e+00
2.600000000000000000e+01 2.584596872329711914e+00
2.700000000000000000e+01 2.624071598052978516e+00
2.800000000000000000e+01 2.707200765609741211e+00
2.900000000000000000e+01 2.575787305831909180e+00
3.000000000000000000e+01 2.635241270065307617e+00
3.100000000000000000e+01 2.556813955307006836e+00
3.200000000000000000e+01 2.632920980453491211e+00
3.300000000000000000e+01 2.589869976043701172e+00
3.400000000000000000e+01 2.632455825805664062e+00
3.500000000000000000e+01 2.516136884689331055e+00
3.600000000000000000e+01 2.553770542144775391e+00
3.700000000000000000e+01 2.648583650588989258e+00
3.800000000000000000e+01 2.598791360855102539e+00
3.900000000000000000e+01 2.619524240493774414e+00
4.000000000000000000e+01 2.571538448333740234e+00
4.100000000000000000e+01 2.621795177459716797e+00
4.200000000000000000e+01 2.613550186157226562e+00
4.300000000000000000e+01 2.682429313659667969e+00
4.400000000000000000e+01 2.617163181304931641e+00
4.500000000000000000e+01 2.607300758361816406e+00
4.600000000000000000e+01 2.629446506500244141e+00
4.700000000000000000e+01 2.565011262893676758e+00
4.800000000000000000e+01 2.560820817947387695e+00
4.900000000000000000e+01 2.597268581390380859e+00
5.000000000000000000e+01 2.535661697387695312e+00
5.100000000000000000e+01 2.623676776885986328e+00
5.200000000000000000e+01 2.552231311798095703e+00
5.300000000000000000e+01 2.631908178329467773e+00
5.400000000000000000e+01 2.596272945404052734e+00
5.500000000000000000e+01 2.637228250503540039e+00
5.600000000000000000e+01 2.645560741424560547e+00
5.700000000000000000e+01 2.553025722503662109e+00
5.800000000000000000e+01 2.681391239166259766e+00
5.900000000000000000e+01 2.500946998596191406e+00
6.000000000000000000e+01 2.703389644622802734e+00
6.100000000000000000e+01 2.616626024246215820e+00
6.200000000000000000e+01 2.575254440307617188e+00
6.300000000000000000e+01 2.612127065658569336e+00
6.400000000000000000e+01 2.622458696365356445e+00
6.500000000000000000e+01 2.549399137496948242e+00
6.600000000000000000e+01 2.563062906265258789e+00
6.700000000000000000e+01 2.646300554275512695e+00
6.800000000000000000e+01 2.723481178283691406e+00
6.900000000000000000e+01 2.644993066787719727e+00
7.000000000000000000e+01 2.641710281372070312e+00
7.100000000000000000e+01 2.681313037872314453e+00
7.200000000000000000e+01 2.544871568679809570e+00
7.300000000000000000e+01 2.577574729919433594e+00
7.400000000000000000e+01 2.567957401275634766e+00
7.500000000000000000e+01 2.650199413299560547e+00
7.600000000000000000e+01 2.623130559921264648e+00
7.700000000000000000e+01 2.613741397857666016e+00
7.800000000000000000e+01 2.428906679153442383e+00
7.900000000000000000e+01 2.594453096389770508e+00
8.000000000000000000e+01 2.526726484298706055e+00
8.100000000000000000e+01 2.509996175765991211e+00
8.200000000000000000e+01 2.660029649734497070e+00
8.300000000000000000e+01 2.668351411819458008e+00
8.400000000000000000e+01 2.479440450668334961e+00
8.500000000000000000e+01 2.606878280639648438e+00
8.600000000000000000e+01 2.576497554779052734e+00
8.700000000000000000e+01 2.572917699813842773e+00
8.800000000000000000e+01 2.607324600219726562e+00
8.900000000000000000e+01 2.630144596099853516e+00
9.000000000000000000e+01 2.699288129806518555e+00
9.100000000000000000e+01 2.562117338180541992e+00
9.200000000000000000e+01 2.541408538818359375e+00
9.300000000000000000e+01 2.524428129196166992e+00
9.400000000000000000e+01 2.636594295501708984e+00
9.500000000000000000e+01 2.718296051025390625e+00
9.600000000000000000e+01 2.648610115051269531e+00
9.700000000000000000e+01 2.621112346649169922e+00
9.800000000000000000e+01 2.684920787811279297e+00
9.900000000000000000e+01 2.545033454895019531e+00
