0.000000000000000000e+00 2.126355171203613281e+00
1.000000000000000000e+00 2.097971200942993164e+00
2.000000000000000000e+00 2.055629253387451172e+00
3.000000000000000000e+00 2.069905519485473633e+00
4.000000000000000000e+00 2.161794900894165039e+00
5.000000000000000000e+00 2.128607511520385742e+00
6.000000000000000000e+00 2.091461420059204102e+00
7.000000000000000000e+00 2.086300611495971680e+00
8.000000000000000000e+00 2.115577220916748047e+00
9.000000000000000000e+00 2.141511440277099609e+00
1.000000000000000000e+01 2.099970340728759766e+00
1.100000000000000000e+01 2.093224287033081055e+00
1.200000000000000000e+01 2.072796106338500977e+00
1.300000000000000000e+01 2.118930101394653320e+00
1.400000000000000000e+01 2.125982761383056641e+00
1.500000000000000000e+01 2.065967798233032227e+00
1.600000000000000000e+01 2.161724328994750977e+00
1.700000000000000000e+01 2.136483669281005859e+00
1.800000000000000000e+01 2.124893188476562500e+00
1.900000000000000000e+01 2.130631685256958008e+00
2.000000000000000000e+01 2.103316307067871094e+00
2.100000000000000000e+01 2.112016916275024414e+00
2.200000000000000000e+01 2.096034765243530273e+00
2.300000000000000000e+01 2.152278900146484375e+00
2.400000000000000000e+01 2.092118978500366211e+00
2.500000000000000000e+01 2.103901863098144531e+00
2.600000000000000000e+01 2.094540596008300781e+00
2.700000000000000000e+01 2.111460208892822266e+00
2.800000000000000000e+01 2.087295770645141602e+00
2.900000000000000000e+01 2.171019315719604492e+00
3.000000000000000000e+01 2.121409416198730469e+00
3.100000000000000000e+01 2.087150573730468750e+00
3.200000000000000000e+01 2.065675735473632812e+00
3.300000000000000000e+01 2.017595291137695312e+00
3.400000000000000000e+01 2.012220859527587891e+00
3.500000000000000000e+01 2.092978715896606445e+00
3.600000000000000000e+01 2.193278551101684570e+00
3.700000000000000000e+01 2.164181232452392578e+00
3.800000000000000000e+01 2.219769716262817383e+00
3.900000000000000000e+01 2.184304237365722656e+00
4.000000000000000000e+01 2.139357089996337891e+00
4.100000000000000000e+01 2.166974782943725586e+00
4.200000000000000000e+01 2.187699079513549805e+00
4.300000000000000000e+01 2.189790487289428711e+00
4.400000000000000000e+01 2.155585289001464844e+00
4.500000000000000000e+01 2.099647998809814453e+00
4.600000000000000000e+01 2.066013336181640625e+00
4.700000000000000000e+01 2.072619676589965820e+00
4.800000000000000000e+01 2.115162849426269531e+00
4.900000000000000000e+01 2.055631875991821289e+00
5.000000000000000000e+01 2.148963689804077148e+00
5.100000000000000000e+01 2.116192102432250977e+00
5.200000000000000000e+01 2.193012475967407227e+00
5.300000000000000000e+01 2.135496616363525391e+00
5.400000000000000000e+01 2.062312126159667969e+00
5.500000000000000000e+01 2.096003293991088867e+00
5.600000000000000000e+01 2.029084205627441406e+00
5.700000000000000000e+01 2.090907812118530273e+00
5.800000000000000000e+01 2.140707492828369141e+00
5.900000000000000000e+01 2.080737829208374023e+00
6.000000000000000000e+01 2.033069610595703125e+00
6.100000000000000000e+01 2.133474588394165039e+00
6.200000000000000000e+01 2.077158927917480469e+00
6.300000000000000000e+01 2.149865627288818359e+00
6.400000000000000000e+01 2.135210514068603516e+00
6.500000000000000000e+01 2.064211845397949219e+00
6.600000000000000000e+01 2.140407323837280273e+00
6.700000000000000000e+01 2.076070308685302734e+00
6.800000000000000000e+01 2.054251909255981445e+00
6.900000000000000000e+01 2.105934381484985352e+00
7.000000000000000000e+01 2.101381301879882812e+00
7.100000000000000000e+01 2.080813884735107422e+00
7.200000000000000000e+01 2.036121606826782227e+00
7.300000000000000000e+01 2.050504446029663086e+00
7.400000000000000000e+01 2.073139190673828125e+00
7.500000000000000000e+01 2.220365524291992188e+00
7.600000000000000000e+01 2.218594312667846680e+00
7.700000000000000000e+01 2.264370441436767578e+00
7.800000000000000000e+01 2.107336759567260742e+00
7.900000000000000000e+01 2.114320993423461914e+00
8.000000000000000000e+01 2.133140087127685547e+00
8.100000000000000000e+01 2.152155876159667969e+00
8.200000000000000000e+01 2.146011114120483398e+00
8.300000000000000000e+01 2.104741096496582031e+00
8.400000000000000000e+01 2.063316106796264648e+00
8.500000000000000000e+01 2.125169038772583008e+00
8.600000000000000000e+01 2.001542091369628906e+00
8.700000000000000000e+01 1.994117856025695801e+00
8.800000000000000000e+01 2.048736572265625000e+00
8.900000000000000000e+01 2.106820344924926758e+00
9.000000000000000000e+01 2.213857650756835938e+00
9.100000000000000000e+01 2.143286228179931641e+00
9.200000000000000000e+01 2.179417610168457031e+00
9.300000000000000000e+01 2.203418016433715820e+00
9.400000000000000000e+01 2.133684635162353516e+00
9.500000000000000000e+01 2.138600111007690430e+00
9.600000000000000000e+01 2.069085121154785156e+00
9.700000000000000000e+01 2.129794120788574219e+00
9.800000000000000000e+01 2.118702888488769531e+00
9.900000000000000000e+01 2.157985448837280273e+00
