0.000000000000000000e+00 1.633583545684814453e+00
1.000000000000000000e+00 1.650273203849792480e+00
2.000000000000000000e+00 1.803539276123046875e+00
3.000000000000000000e+00 1.723926067352294922e+00
4.000000000000000000e+00 1.765890598297119141e+00
5.000000000000000000e+00 1.732825517654418945e+00
6.000000000000000000e+00 1.757408261299133301e+00
7.000000000000000000e+00 1.679057478904724121e+00
8.000000000000000000e+00 1.659505844116210938e+00
9.000000000000000000e+00 1.664514780044555664e+00
1.000000000000000000e+01 1.687157273292541504e+00
1.100000000000000000e+01 1.704110145568847656e+00
1.200000000000000000e+01 1.681208014488220215e+00
1.300000000000000000e+01 1.667909502983093262e+00
1.400000000000000000e+01 1.750385761260986328e+00
1.500000000000000000e+01 1.757144093513488770e+00
1.600000000000000000e+01 1.680853366851806641e+00
1.700000000000000000e+01 1.640531182289123535e+00
1.800000000000000000e+01 1.736878156661987305e+00
1.900000000000000000e+01 1.712628006935119629e+00
2.000000000000000000e+01 1.646420121192932129e+00
2.100000000000000000e+01 1.810419797897338867e+00
2.200000000000000000e+01 1.755834221839904785e+00
2.300000000000000000e+01 1.620603442192077637e+00
2.400000000000000000e+01 1.693077564239501953e+00
2.500000000000000000e+01 1.739352345466613770e+00
2.600000000000000000e+01 1.757385492324829102e+00
2.700000000000000000e+01 1.697028279304504395e+00
2.800000000000000000e+01 1.757283449172973633e+00
2.900000000000000000e+01 1.686362624168395996e+00
3.000000000000000000e+01 1.716242194175720215e+00
3.100000000000000000e+01 1.663127660751342773e+00
3.200000000000000000e+01 1.699131846427917480e+00
3.300000000000000000e+01 1.660609841346740723e+00
3.400000000000000000e+01 1.662817358970642090e+00
3.500000000000000000e+01 1.658993363380432129e+00
3.600000000000000000e+01 1.633382797241210938e+00
3.700000000000000000e+01 1.642178773880004883e+00
3.800000000000000000e+01 1.630645155906677246e+00
3.900000000000000000e+01 1.625390529632568359e+00
4.000000000000000000e+01 1.682138919830322266e+00
4.100000000000000000e+01 1.692902803421020508e+00
4.200000000000000000e+01 1.716924309730529785e+00
4.300000000000000000e+01 1.696066498756408691e+00
4.400000000000000000e+01 1.663512468338012695e+00
4.500000000000000000e+01 1.731864929199218750e+00
4.600000000000000000e+01 1.725833296775817871e+00
4.700000000000000000e+01 1.704372167587280273e+00
4.800000000000000000e+01 1.803330779075622559e+00
4.900000000000000000e+01 1.671175956726074219e+00
5.000000000000000000e+01 1.691558241844177246e+00
5.100000000000000000e+01 1.727414965629577637e+00
5.200000000000000000e+01 1.708839297294616699e+00
5.300000000000000000e+01 1.695881247520446777e+00
5.400000000000000000e+01 1.658073186874389648e+00
5.500000000000000000e+01 1.644689798355102539e+00
5.600000000000000000e+01 1.583667755126953125e+00
5.700000000000000000e+01 1.693575501441955566e+00
5.800000000000000000e+01 1.669951796531677246e+00
5.900000000000000000e+01 1.617406964302062988e+00
6.000000000000000000e+01 1.687081456184387207e+00
6.100000000000000000e+01 1.645802497863769531e+00
6.200000000000000000e+01 1.727292895317077637e+00
6.300000000000000000e+01 1.712319493293762207e+00
6.400000000000000000e+01 1.612446308135986328e+00
6.500000000000000000e+01 1.694785714149475098e+00
6.600000000000000000e+01 1.724265575408935547e+00
6.700000000000000000e+01 1.711223959922790527e+00
6.800000000000000000e+01 1.775248169898986816e+00
6.900000000000000000e+01 1.746359586715698242e+00
7.000000000000000000e+01 1.702131986618041992e+00
7.100000000000000000e+01 1.683936834335327148e+00
7.200000000000000000e+01 1.683552145957946777e+00
7.300000000000000000e+01 1.697704315185546875e+00
7.400000000000000000e+01 1.692095875740051270e+00
7.500000000000000000e+01 1.721817135810852051e+00
7.600000000000000000e+01 1.704978108406066895e+00
7.700000000000000000e+01 1.691390991210937500e+00
7.800000000000000000e+01 1.735710263252258301e+00
7.900000000000000000e+01 1.696394681930541992e+00
8.000000000000000000e+01 1.739268779754638672e+00
8.100000000000000000e+01 1.694323062896728516e+00
8.200000000000000000e+01 1.752114772796630859e+00
8.300000000000000000e+01 1.628961563110351562e+00
8.400000000000000000e+01 1.637270927429199219e+00
8.500000000000000000e+01 1.716089606285095215e+00
8.600000000000000000e+01 1.737834811210632324e+00
8.700000000000000000e+01 1.656918168067932129e+00
8.800000000000000000e+01 1.696207284927368164e+00
8.900000000000000000e+01 1.707099318504333496e+00
9.000000000000000000e+01 1.585933089256286621e+00
9.100000000000000000e+01 1.771073341369628906e+00
9.200000000000000000e+01 1.806256771087646484e+00
9.300000000000000000e+01 1.725498437881469727e+00
9.400000000000000000e+01 1.654898881912231445e+00
9.500000000000000000e+01 1.635268688201904297e+00
9.600000000000000000e+01 1.613450169563293457e+00
9.700000000000000000e+01 1.663559556007385254e+00
9.800000000000000000e+01 1.614832043647766113e+00
9.900000000000000000e+01 1.727649569511413574e+00
