0.000000000000000000e+00 2.674880981445312500e+00
1.000000000000000000e+00 2.761063814163208008e+00
2.000000000000000000e+00 2.837795972824096680e+00
3.000000000000000000e+00 2.767768144607543945e+00
4.000000000000000000e+00 2.743757486343383789e+00
5.000000000000000000e+00 2.775952577590942383e+00
6.000000000000000000e+00 2.758276939392089844e+00
7.000000000000000000e+00 2.715264558792114258e+00
8.000000000000000000e+00 2.662819862365722656e+00
9.000000000000000000e+00 2.738038539886474609e+00
1.000000000000000000e+01 2.626873970031738281e+00
1.100000000000000000e+01 2.612223625183105469e+00
1.200000000000000000e+01 2.604449033737182617e+00
1.300000000000000000e+01 2.708550453186035156e+00
1.400000000000000000e+01 2.728302955627441406e+00
1.500000000000000000e+01 2.682290315628051758e+00
1.600000000000000000e+01 2.741158962249755859e+00
1.700000000000000000e+01 2.740286827087402344e+00
1.800000000000000000e+01 2.623101949691772461e+00
1.900000000000000000e+01 2.763957738876342773e+00
2.000000000000000000e+01 2.701321125030517578e+00
2.100000000000000000e+01 2.601575136184692383e+00
2.200000000000000000e+01 2.677334070205688477e+00
2.300000000000000000e+01 2.648926496505737305e+00
2.400000000000000000e+01 2.745218515396118164e+00
2.500000000000000000e+01 2.741480588912963867e+00
2.600000000000000000e+01 2.609187364578247070e+00
2.700000000000000000e+01 2.685498952865600586e+00
2.800000000000000000e+01 2.706779241561889648e+00
2.900000000000000000e+01 2.664000749588012695e+00
3.000000000000000000e+01 2.611406326293945312e+00
3.100000000000000000e+01 2.599015235900878906e+00
3.200000000000000000e+01 2.748759031295776367e+00
3.300000000000000000e+01 2.716501235961914062e+00
3.400000000000000000e+01 2.757716417312622070e+00
3.500000000000000000e+01 2.809482574462890625e+00
3.600000000000000000e+01 2.729565858840942383e+00
3.700000000000000000e+01 2.748379230499267578e+00
3.800000000000000000e+01 2.735694885253906250e+00
3.900000000000000000e+01 2.722179174423217773e+00
4.000000000000000000e+01 2.740056276321411133e+00
4.100000000000000000e+01 2.648534774780273438e+00
4.200000000000000000e+01 2.710963726043701172e+00
4.300000000000000000e+01 2.688950777053833008e+00
4.400000000000000000e+01 2.698393583297729492e+00
4.500000000000000000e+01 2.780528306961059570e+00
4.600000000000000000e+01 2.808523654937744141e+00
4.700000000000000000e+01 2.757916688919067383e+00
4.800000000000000000e+01 2.878796815872192383e+00
4.900000000000000000e+01 2.718959569931030273e+00
5.000000000000000000e+01 2.695768117904663086e+00
5.100000000000000000e+01 2.718265056610107422e+00
5.200000000000000000e+01 2.639676332473754883e+00
5.300000000000000000e+01 2.562769651412963867e+00
5.400000000000000000e+01 2.649271249771118164e+00
5.500000000000000000e+01 2.647323846817016602e+00
5.600000000000000000e+01 2.730721712112426758e+00
5.700000000000000000e+01 2.763621807098388672e+00
5.800000000000000000e+01 2.720299959182739258e+00
5.900000000000000000e+01 2.764999389648437500e+00
6.000000000000000000e+01 2.728048801422119141e+00
6.100000000000000000e+01 2.693218708038330078e+00
6.200000000000000000e+01 2.757002830505371094e+00
6.300000000000000000e+01 2.731979846954345703e+00
6.400000000000000000e+01 2.721161842346191406e+00
6.500000000000000000e+01 2.678613662719726562e+00
6.600000000000000000e+01 2.711708068847656250e+00
6.700000000000000000e+01 2.795039176940917969e+00
6.800000000000000000e+01 2.678881406784057617e+00
6.900000000000000000e+01 2.723324298858642578e+00
7.000000000000000000e+01 2.678431510925292969e+00
7.100000000000000000e+01 2.730018377304077148e+00
7.200000000000000000e+01 2.623687267303466797e+00
7.300000000000000000e+01 2.745911121368408203e+00
7.400000000000000000e+01 2.666547060012817383e+00
7.500000000000000000e+01 2.688627004623413086e+00
7.600000000000000000e+01 2.691350698471069336e+00
7.700000000000000000e+01 2.589362859725952148e+00
7.800000000000000000e+01 2.726689815521240234e+00
7.900000000000000000e+01 2.701799154281616211e+00
8.000000000000000000e+01 2.663259506225585938e+00
8.100000000000000000e+01 2.667401552200317383e+00
8.200000000000000000e+01 2.679527521133422852e+00
8.300000000000000000e+01 2.746784448623657227e+00
8.400000000000000000e+01 2.728066682815551758e+00
8.500000000000000000e+01 2.650664806365966797e+00
8.600000000000000000e+01 2.673505783081054688e+00
8.700000000000000000e+01 2.765837192535400391e+00
8.800000000000000000e+01 2.724861860275268555e+00
8.900000000000000000e+01 2.734716176986694336e+00
9.000000000000000000e+01 2.626389741897583008e+00
9.100000000000000000e+01 2.829571723937988281e+00
9.200000000000000000e+01 2.755656242370605469e+00
9.300000000000000000e+01 2.691082715988159180e+00
9.400000000000000000e+01 2.615639448165893555e+00
9.500000000000000000e+01 2.659136533737182617e+00
9.600000000000000000e+01 2.681679487228393555e+00
9.700000000000000000e+01 2.689736127853393555e+00
9.800000000000000000e+01 2.663299560546875000e+00
9.900000000000000000e+01 2.652855873107910156e+00
