0.000000000000000000e+00 2.867126941680908203e+00
1.000000000000000000e+00 2.982275485992431641e+00
2.000000000000000000e+00 2.903429031372070312e+00
3.000000000000000000e+00 2.781831502914428711e+00
4.000000000000000000e+00 2.916005373001098633e+00
5.000000000000000000e+00 2.951945066452026367e+00
6.000000000000000000e+00 2.962390184402465820e+00
7.000000000000000000e+00 2.916187763214111328e+00
8.000000000000000000e+00 2.857011318206787109e+00
9.000000000000000000e+00 2.948489665985107422e+00
1.000000000000000000e+01 2.933206796646118164e+00
1.100000000000000000e+01 2.899684906005859375e+00
1.200000000000000000e+01 2.934832811355590820e+00
1.300000000000000000e+01 2.856577873229980469e+00
1.400000000000000000e+01 2.873291254043579102e+00
1.500000000000000000e+01 2.853731632232666016e+00
1.600000000000000000e+01 2.856743812561035156e+00
1.700000000000000000e+01 2.918223857879638672e+00
1.800000000000000000e+01 2.910674095153808594e+00
1.900000000000000000e+01 2.846934080123901367e+00
2.000000000000000000e+01 2.940097808837890625e+00
2.100000000000000000e+01 2.925523996353149414e+00
2.200000000000000000e+01 2.930577039718627930e+00
2.300000000000000000e+01 2.840927362442016602e+00
2.400000000000000000e+01 2.982995748519897461e+00
2.500000000000000000e+01 2.939742088317871094e+00
2.600000000000000000e+01 2.923051834106445312e+00
2.700000000000000000e+01 2.905133008956909180e+00
2.800000000000000000e+01 2.951893329620361328e+00
2.900000000000000000e+01 3.010626316070556641e+00
3.000000000000000000e+01 2.954988956451416016e+00
3.100000000000000000e+01 2.900862455368041992e+00
3.200000000000000000e+01 2.937747716903686523e+00
3.300000000000000000e+01 2.914908409118652344e+00
3.400000000000000000e+01 2.919284105300903320e+00
3.500000000000000000e+01 2.927629709243774414e+00
3.600000000000000000e+01 2.954848051071166992e+00
3.700000000000000000e+01 2.882134675979614258e+00
3.800000000000000000e+01 2.870088577270507812e+00
3.900000000000000000e+01 2.865327119827270508e+00
4.000000000000000000e+01 2.821584224700927734e+00
4.100000000000000000e+01 2.917305946350097656e+00
4.200000000000000000e+01 2.727957963943481445e+00
4.300000000000000000e+01 2.842708110809326172e+00
4.400000000000000000e+01 2.871570348739624023e+00
4.500000000000000000e+01 2.924048185348510742e+00
4.600000000000000000e+01 2.921272993087768555e+00
4.700000000000000000e+01 2.899513483047485352e+00
4.800000000000000000e+01 2.914294958114624023e+00
4.900000000000000000e+01 2.923725128173828125e+00
5.000000000000000000e+01 2.918960809707641602e+00
5.100000000000000000e+01 2.884718418121337891e+00
5.200000000000000000e+01 2.928074598312377930e+00
5.300000000000000000e+01 2.922970533370971680e+00
5.400000000000000000e+01 3.010876893997192383e+00
5.500000000000000000e+01 2.962007522583007812e+00
5.600000000000000000e+01 2.826888322830200195e+00
5.700000000000000000e+01 2.955798864364624023e+00
5.800000000000000000e+01 2.973353624343872070e+00
5.900000000000000000e+01 2.893911838531494141e+00
6.000000000000000000e+01 2.867915391921997070e+00
6.100000000000000000e+01 2.967204570770263672e+00
6.200000000000000000e+01 2.848731994628906250e+00
6.300000000000000000e+01 2.942879438400268555e+00
6.400000000000000000e+01 2.913419961929321289e+00
6.500000000000000000e+01 2.849096298217773438e+00
6.600000000000000000e+01 2.945554018020629883e+00
6.700000000000000000e+01 2.877020597457885742e+00
6.800000000000000000e+01 2.899949789047241211e+00
6.900000000000000000e+01 2.829039812088012695e+00
7.000000000000000000e+01 2.811388015747070312e+00
7.100000000000000000e+01 2.872464656829833984e+00
7.200000000000000000e+01 2.875117778778076172e+00
7.300000000000000000e+01 2.948382854461669922e+00
7.400000000000000000e+01 2.867646455764770508e+00
7.500000000000000000e+01 2.942456960678100586e+00
7.600000000000000000e+01 2.968445777893066406e+00
7.700000000000000000e+01 2.878656387329101562e+00
7.800000000000000000e+01 2.962611913681030273e+00
7.900000000000000000e+01 2.884455442428588867e+00
8.000000000000000000e+01 2.924885272979736328e+00
8.100000000000000000e+01 2.872343301773071289e+00
8.200000000000000000e+01 2.838475465774536133e+00
8.300000000000000000e+01 2.901820659637451172e+00
8.400000000000000000e+01 2.922600746154785156e+00
8.500000000000000000e+01 2.934742212295532227e+00
8.600000000000000000e+01 2.891855716705322266e+00
8.700000000000000000e+01 2.931873798370361328e+00
8.800000000000000000e+01 2.838468313217163086e+00
8.900000000000000000e+01 2.875263452529907227e+00
9.000000000000000000e+01 3.012428998947143555e+00
9.100000000000000000e+01 2.909277915954589844e+00
9.200000000000000000e+01 2.865486383438110352e+00
9.300000000000000000e+01 2.923585891723632812e+00
9.400000000000000000e+01 2.883287191390991211e+00
9.500000000000000000e+01 2.944002628326416016e+00
9.600000000000000000e+01 2.930843591690063477e+00
9.700000000000000000e+01 2.869689226150512695e+00
9.800000000000000000e+01 3.036305427551269531e+00
9.900000000000000000e+01 2.891865968704223633e+00
