0.000000000000000000e+00 2.290437698364257812e+00
1.000000000000000000e+00 2.337301731109619141e+00
2.000000000000000000e+00 2.412600994110107422e+00
3.000000000000000000e+00 2.276911497116088867e+00
4.000000000000000000e+00 2.357089042663574219e+00
5.000000000000000000e+00 2.413988351821899414e+00
6.000000000000000000e+00 2.286776781082153320e+00
7.000000000000000000e+00 2.278844118118286133e+00
8.000000000000000000e+00 2.302010297775268555e+00
9.000000000000000000e+00 2.257204771041870117e+00
1.000000000000000000e+01 2.292773008346557617e+00
1.100000000000000000e+01 2.285462141036987305e+00
1.200000000000000000e+01 2.347251415252685547e+00
1.300000000000000000e+01 2.217997312545776367e+00
1.400000000000000000e+01 2.190572023391723633e+00
1.500000000000000000e+01 2.292331457138061523e+00
1.600000000000000000e+01 2.269704580307006836e+00
1.700000000000000000e+01 2.286066293716430664e+00
1.800000000000000000e+01 2.305702924728393555e+00
1.900000000000000000e+01 2.295663595199584961e+00
2.000000000000000000e+01 2.264010906219482422e+00
2.100000000000000000e+01 2.280788660049438477e+00
2.200000000000000000e+01 2.371504068374633789e+00
2.300000000000000000e+01 2.309708595275878906e+00
2.400000000000000000e+01 2.352659463882446289e+00
2.500000000000000000e+01 2.274611949920654297e+00
2.600000000000000000e+01 2.364973783493041992e+00
2.700000000000000000e+01 2.412029981613159180e+00
2.800000000000000000e+01 2.292088508605957031e+00
2.900000000000000000e+01 2.293514490127563477e+00
3.000000000000000000e+01 2.297600269317626953e+00
3.100000000000000000e+01 2.295150279998779297e+00
3.200000000000000000e+01 2.267890930175781250e+00
3.300000000000000000e+01 2.297593832015991211e+00
3.400000000000000000e+01 2.319028377532958984e+00
3.500000000000000000e+01 2.297840118408203125e+00
3.600000000000000000e+01 2.339918375015258789e+00
3.700000000000000000e+01 2.287977695465087891e+00
3.800000000000000000e+01 2.357043981552124023e+00
3.900000000000000000e+01 2.390053987503051758e+00
4.000000000000000000e+01 2.378824710845947266e+00
4.100000000000000000e+01 2.321639060974121094e+00
4.200000000000000000e+01 2.297693014144897461e+00
4.300000000000000000e+01 2.371127128601074219e+00
4.400000000000000000e+01 2.371784210205078125e+00
4.500000000000000000e+01 2.292846679687500000e+00
4.600000000000000000e+01 2.255333423614501953e+00
4.700000000000000000e+01 2.272794723510742188e+00
4.800000000000000000e+01 2.241353273391723633e+00
4.900000000000000000e+01 2.360696077346801758e+00
5.000000000000000000e+01 2.425194740295410156e+00
5.100000000000000000e+01 2.313093900680541992e+00
5.200000000000000000e+01 2.319146156311035156e+00
5.300000000000000000e+01 2.438489198684692383e+00
5.400000000000000000e+01 2.360015630722045898e+00
5.500000000000000000e+01 2.459703683853149414e+00
5.600000000000000000e+01 2.395828723907470703e+00
5.700000000000000000e+01 2.321223974227905273e+00
5.800000000000000000e+01 2.372430562973022461e+00
5.900000000000000000e+01 2.296948909759521484e+00
6.000000000000000000e+01 2.314219474792480469e+00
6.100000000000000000e+01 2.278904199600219727e+00
6.200000000000000000e+01 2.262094497680664062e+00
6.300000000000000000e+01 2.310034990310668945e+00
6.400000000000000000e+01 2.376514911651611328e+00
6.500000000000000000e+01 2.370853662490844727e+00
6.600000000000000000e+01 2.397226333618164062e+00
6.700000000000000000e+01 2.315091848373413086e+00
6.800000000000000000e+01 2.307213783264160156e+00
6.900000000000000000e+01 2.240744113922119141e+00
7.000000000000000000e+01 2.319291830062866211e+00
7.100000000000000000e+01 2.345583915710449219e+00
7.200000000000000000e+01 2.295752286911010742e+00
7.300000000000000000e+01 2.269286870956420898e+00
7.400000000000000000e+01 2.410930395126342773e+00
7.500000000000000000e+01 2.213152170181274414e+00
7.600000000000000000e+01 2.226557016372680664e+00
7.700000000000000000e+01 2.247249126434326172e+00
7.800000000000000000e+01 2.384895563125610352e+00
7.900000000000000000e+01 2.363828897476196289e+00
8.000000000000000000e+01 2.306583881378173828e+00
8.100000000000000000e+01 2.302293539047241211e+00
8.200000000000000000e+01 2.324795484542846680e+00
8.300000000000000000e+01 2.281959295272827148e+00
8.400000000000000000e+01 2.242799758911132812e+00
8.500000000000000000e+01 2.311714887619018555e+00
8.600000000000000000e+01 2.267004251480102539e+00
8.700000000000000000e+01 2.290971517562866211e+00
8.800000000000000000e+01 2.285073757171630859e+00
8.900000000000000000e+01 2.314690828323364258e+00
9.000000000000000000e+01 2.232782840728759766e+00
9.100000000000000000e+01 2.248506307601928711e+00
9.200000000000000000e+01 2.264205694198608398e+00
9.300000000000000000e+01 2.356036901473999023e+00
9.400000000000000000e+01 2.273925781250000000e+00
9.500000000000000000e+01 2.256880521774291992e+00
9.600000000000000000e+01 2.331226587295532227e+00
9.700000000000000000e+01 2.300749301910400391e+00
9.800000000000000000e+01 2.221744775772094727e+00
9.900000000000000000e+01 2.249787330627441406e+00
