0.000000000000000000e+00 3.219778299331665039e+00
1.000000000000000000e+00 3.209545612335205078e+00
2.000000000000000000e+00 3.173713207244873047e+00
3.000000000000000000e+00 3.221454620361328125e+00
4.000000000000000000e+00 3.170063257217407227e+00
5.000000000000000000e+00 3.214793443679809570e+00
6.000000000000000000e+00 3.265621662139892578e+00
7.000000000000000000e+00 3.202054500579833984e+00
8.000000000000000000e+00 3.200917482376098633e+00
9.000000000000000000e+00 3.268860816955566406e+00
1.000000000000000000e+01 3.283249855041503906e+00
1.100000000000000000e+01 3.161674261093139648e+00
1.200000000000000000e+01 3.230969429016113281e+00
1.300000000000000000e+01 3.232387542724609375e+00
1.400000000000000000e+01 3.212214469909667969e+00
1.500000000000000000e+01 3.223981857299804688e+00
1.600000000000000000e+01 3.243811368942260742e+00
1.700000000000000000e+01 3.218643903732299805e+00
1.800000000000000000e+01 3.172933101654052734e+00
1.900000000000000000e+01 3.176317930221557617e+00
2.000000000000000000e+01 3.217073202133178711e+00
2.100000000000000000e+01 3.203976631164550781e+00
2.200000000000000000e+01 3.168525934219360352e+00
2.300000000000000000e+01 3.218336105346679688e+00
2.400000000000000000e+01 3.164168119430541992e+00
2.500000000000000000e+01 3.244217872619628906e+00
2.600000000000000000e+01 3.245397567749023438e+00
2.700000000000000000e+01 3.196118831634521484e+00
2.800000000000000000e+01 3.224036693572998047e+00
2.900000000000000000e+01 3.164376020431518555e+00
3.000000000000000000e+01 3.226190805435180664e+00
3.100000000000000000e+01 3.171712160110473633e+00
3.200000000000000000e+01 3.253903150558471680e+00
3.300000000000000000e+01 3.243848562240600586e+00
3.400000000000000000e+01 3.204991817474365234e+00
3.500000000000000000e+01 3.249757051467895508e+00
3.600000000000000000e+01 3.271422386169433594e+00
3.700000000000000000e+01 3.245283842086791992e+00
3.800000000000000000e+01 3.165709018707275391e+00
3.900000000000000000e+01 3.174998044967651367e+00
4.000000000000000000e+01 3.228789091110229492e+00
4.100000000000000000e+01 3.234979391098022461e+00
4.200000000000000000e+01 3.274677515029907227e+00
4.300000000000000000e+01 3.190800189971923828e+00
4.400000000000000000e+01 3.239648818969726562e+00
4.500000000000000000e+01 3.241428613662719727e+00
4.600000000000000000e+01 3.186879158020019531e+00
4.700000000000000000e+01 3.164123296737670898e+00
4.800000000000000000e+01 3.213943958282470703e+00
4.900000000000000000e+01 3.263336658477783203e+00
5.000000000000000000e+01 3.153361082077026367e+00
5.100000000000000000e+01 3.199550390243530273e+00
5.200000000000000000e+01 3.207557439804077148e+00
5.300000000000000000e+01 3.226134300231933594e+00
5.400000000000000000e+01 3.228106021881103516e+00
5.500000000000000000e+01 3.247122764587402344e+00
5.600000000000000000e+01 3.248098134994506836e+00
5.700000000000000000e+01 3.183442592620849609e+00
5.800000000000000000e+01 3.223528385162353516e+00
5.900000000000000000e+01 3.185592174530029297e+00
6.000000000000000000e+01 3.224772930145263672e+00
6.100000000000000000e+01 3.267486810684204102e+00
6.200000000000000000e+01 3.264138460159301758e+00
6.300000000000000000e+01 3.150594949722290039e+00
6.400000000000000000e+01 3.207226037979125977e+00
6.500000000000000000e+01 3.231709480285644531e+00
6.600000000000000000e+01 3.231840133666992188e+00
6.700000000000000000e+01 3.242971420288085938e+00
6.800000000000000000e+01 3.237086057662963867e+00
6.900000000000000000e+01 3.209862947463989258e+00
7.000000000000000000e+01 3.243543624877929688e+00
7.100000000000000000e+01 3.267062425613403320e+00
7.200000000000000000e+01 3.192437887191772461e+00
7.300000000000000000e+01 3.234047412872314453e+00
7.400000000000000000e+01 3.211906433105468750e+00
7.500000000000000000e+01 3.197711229324340820e+00
7.600000000000000000e+01 3.204546213150024414e+00
7.700000000000000000e+01 3.210467815399169922e+00
7.800000000000000000e+01 3.204586982727050781e+00
7.900000000000000000e+01 3.214356899261474609e+00
8.000000000000000000e+01 3.209661245346069336e+00
8.100000000000000000e+01 3.279253721237182617e+00
8.200000000000000000e+01 3.215695619583129883e+00
8.300000000000000000e+01 3.177780628204345703e+00
8.400000000000000000e+01 3.149365425109863281e+00
8.500000000000000000e+01 3.233945608139038086e+00
8.600000000000000000e+01 3.200965166091918945e+00
8.700000000000000000e+01 3.219556331634521484e+00
8.800000000000000000e+01 3.161618471145629883e+00
8.900000000000000000e+01 3.151561737060546875e+00
9.000000000000000000e+01 3.250121831893920898e+00
9.100000000000000000e+01 3.171391725540161133e+00
9.200000000000000000e+01 3.169023990631103516e+00
9.300000000000000000e+01 3.211374521255493164e+00
9.400000000000000000e+01 3.226551294326782227e+00
9.500000000000000000e+01 3.149425983428955078e+00
9.600000000000000000e+01 3.199492692947387695e+00
9.700000000000000000e+01 3.219686508178710938e+00
9.800000000000000000e+01 3.181479930877685547e+00
9.900000000000000000e+01 3.205620050430297852e+00
