0.000000000000000000e+00 2.043320894241333008e+00
1.000000000000000000e+00 2.032491683959960938e+00
2.000000000000000000e+00 1.958974003791809082e+00
3.000000000000000000e+00 2.012614250183105469e+00
4.000000000000000000e+00 2.061269760131835938e+00
5.000000000000000000e+00 2.056516647338867188e+00
6.000000000000000000e+00 2.035083293914794922e+00
7.000000000000000000e+00 2.067844152450561523e+00
8.000000000000000000e+00 2.077507257461547852e+00
9.000000000000000000e+00 2.052437067031860352e+00
1.000000000000000000e+01 2.036175012588500977e+00
1.100000000000000000e+01 2.019763469696044922e+00
1.200000000000000000e+01 2.031988859176635742e+00
1.300000000000000000e+01 2.031054735183715820e+00
1.400000000000000000e+01 2.027904510498046875e+00
1.500000000000000000e+01 2.061506509780883789e+00
1.600000000000000000e+01 2.063711166381835938e+00
1.700000000000000000e+01 2.039679527282714844e+00
1.800000000000000000e+01 2.032509565353393555e+00
1.900000000000000000e+01 2.046641349792480469e+00
2.000000000000000000e+01 2.058438539505004883e+00
2.100000000000000000e+01 2.040695190429687500e+00
2.200000000000000000e+01 2.033734321594238281e+00
2.300000000000000000e+01 2.016056299209594727e+00
2.400000000000000000e+01 2.008784532546997070e+00
2.500000000000000000e+01 2.013979434967041016e+00
2.600000000000000000e+01 2.071744203567504883e+00
2.700000000000000000e+01 2.142247915267944336e+00
2.800000000000000000e+01 1.981966018676757812e+00
2.900000000000000000e+01 2.072860717773437500e+00
3.000000000000000000e+01 2.047777891159057617e+00
3.100000000000000000e+01 2.020340442657470703e+00
3.200000000000000000e+01 2.025590658187866211e+00
3.300000000000000000e+01 2.048606634140014648e+00
3.400000000000000000e+01 2.073821306228637695e+00
3.500000000000000000e+01 2.004666566848754883e+00
3.600000000000000000e+01 2.049538850784301758e+00
3.700000000000000000e+01 2.105026483535766602e+00
3.800000000000000000e+01 2.083015203475952148e+00
3.900000000000000000e+01 2.067190885543823242e+00
4.000000000000000000e+01 2.020025730133056641e+00
4.100000000000000000e+01 2.111650705337524414e+00
4.200000000000000000e+01 2.005772829055786133e+00
4.300000000000000000e+01 1.998283267021179199e+00
4.400000000000000000e+01 2.046144247055053711e+00
4.500000000000000000e+01 2.032478332519531250e+00
4.600000000000000000e+01 2.080773353576660156e+00
4.700000000000000000e+01 1.991065740585327148e+00
4.800000000000000000e+01 2.094793319702148438e+00
4.900000000000000000e+01 2.033043622970581055e+00
5.000000000000000000e+01 2.003427743911743164e+00
5.100000000000000000e+01 2.075767755508422852e+00
5.200000000000000000e+01 1.989359140396118164e+00
5.300000000000000000e+01 2.052950859069824219e+00
5.400000000000000000e+01 2.107729434967041016e+00
5.500000000000000000e+01 2.089635372161865234e+00
5.600000000000000000e+01 2.008420705795288086e+00
5.700000000000000000e+01 2.008223056793212891e+00
5.800000000000000000e+01 1.991746425628662109e+00
5.900000000000000000e+01 2.005150794982910156e+00
6.000000000000000000e+01 1.979627609252929688e+00
6.100000000000000000e+01 2.111828088760375977e+00
6.200000000000000000e+01 2.076055049896240234e+00
6.300000000000000000e+01 1.976908922195434570e+00
6.400000000000000000e+01 2.003247976303100586e+00
6.500000000000000000e+01 2.012984275817871094e+00
6.600000000000000000e+01 2.033894538879394531e+00
6.700000000000000000e+01 1.993354439735412598e+00
6.800000000000000000e+01 1.958804249763488770e+00
6.900000000000000000e+01 2.012953281402587891e+00
7.000000000000000000e+01 2.058661699295043945e+00
7.100000000000000000e+01 1.988735556602478027e+00
7.200000000000000000e+01 2.032747983932495117e+00
7.300000000000000000e+01 2.064166545867919922e+00
7.400000000000000000e+01 2.065796613693237305e+00
7.500000000000000000e+01 2.033456087112426758e+00
7.600000000000000000e+01 2.027883768081665039e+00
7.700000000000000000e+01 2.023474931716918945e+00
7.800000000000000000e+01 2.037047863006591797e+00
7.900000000000000000e+01 2.013275146484375000e+00
8.000000000000000000e+01 2.044673681259155273e+00
8.100000000000000000e+01 2.041582584381103516e+00
8.200000000000000000e+01 2.089628696441650391e+00
8.300000000000000000e+01 2.003566026687622070e+00
8.400000000000000000e+01 2.053867578506469727e+00
8.500000000000000000e+01 2.045200109481811523e+00
8.600000000000000000e+01 2.023327112197875977e+00
8.700000000000000000e+01 2.046286582946777344e+00
8.800000000000000000e+01 2.076905012130737305e+00
8.900000000000000000e+01 2.059531688690185547e+00
9.000000000000000000e+01 2.016905546188354492e+00
9.100000000000000000e+01 1.992028117179870605e+00
9.200000000000000000e+01 2.026281356811523438e+00
9.300000000000000000e+01 2.059489965438842773e+00
9.400000000000000000e+01 2.095967769622802734e+00
9.500000000000000000e+01 2.058537721633911133e+00
9.600000000000000000e+01 2.044113636016845703e+00
9.700000000000000000e+01 2.045734167098999023e+00
9.800000000000000000e+01 2.064405202865600586e+00
9.900000000000000000e+01 2.009394168853759766e+00
