0.000000000000000000e+00 1.732457756996154785e+00
1.000000000000000000e+00 1.811790943145751953e+00
2.000000000000000000e+00 1.800824880599975586e+00
3.000000000000000000e+00 1.691837549209594727e+00
4.000000000000000000e+00 1.776235818862915039e+00
5.000000000000000000e+00 1.856602191925048828e+00
6.000000000000000000e+00 1.841557741165161133e+00
7.000000000000000000e+00 1.732385873794555664e+00
8.000000000000000000e+00 1.851003408432006836e+00
9.000000000000000000e+00 1.790481448173522949e+00
1.000000000000000000e+01 1.792826056480407715e+00
1.100000000000000000e+01 1.835379123687744141e+00
1.200000000000000000e+01 1.838120102882385254e+00
1.300000000000000000e+01 1.798705577850341797e+00
1.400000000000000000e+01 1.829928636550903320e+00
1.500000000000000000e+01 1.716305732727050781e+00
1.600000000000000000e+01 1.783572793006896973e+00
1.700000000000000000e+01 1.778664708137512207e+00
1.800000000000000000e+01 1.727384686470031738e+00
1.900000000000000000e+01 1.741386055946350098e+00
2.000000000000000000e+01 1.747513175010681152e+00
2.100000000000000000e+01 1.716171860694885254e+00
2.200000000000000000e+01 1.773404359817504883e+00
2.300000000000000000e+01 1.760504484176635742e+00
2.400000000000000000e+01 1.716407656669616699e+00
2.500000000000000000e+01 1.872063755989074707e+00
2.600000000000000000e+01 1.749498724937438965e+00
2.700000000000000000e+01 1.790025711059570312e+00
2.800000000000000000e+01 1.751498460769653320e+00
2.900000000000000000e+01 1.771979212760925293e+00
3.000000000000000000e+01 1.753738641738891602e+00
3.100000000000000000e+01 1.791845202445983887e+00
3.200000000000000000e+01 1.822085142135620117e+00
3.300000000000000000e+01 1.776452183723449707e+00
3.400000000000000000e+01 1.757624506950378418e+00
3.500000000000000000e+01 1.728649497032165527e+00
3.600000000000000000e+01 1.720034241676330566e+00
3.700000000000000000e+01 1.802029609680175781e+00
3.800000000000000000e+01 1.801949620246887207e+00
3.900000000000000000e+01 1.829704046249389648e+00
4.000000000000000000e+01 1.915251374244689941e+00
4.100000000000000000e+01 1.709527492523193359e+00
4.200000000000000000e+01 1.817392945289611816e+00
4.300000000000000000e+01 1.804774284362792969e+00
4.400000000000000000e+01 1.782618641853332520e+00
4.500000000000000000e+01 1.748149633407592773e+00
4.600000000000000000e+01 1.868371248245239258e+00
4.700000000000000000e+01 1.671309113502502441e+00
4.800000000000000000e+01 1.768731117248535156e+00
4.900000000000000000e+01 1.773063540458679199e+00
5.000000000000000000e+01 1.779598593711853027e+00
5.100000000000000000e+01 1.827170491218566895e+00
5.200000000000000000e+01 1.781766891479492188e+00
5.300000000000000000e+01 1.850405216217041016e+00
5.400000000000000000e+01 1.758601069450378418e+00
5.500000000000000000e+01 1.820063829421997070e+00
5.600000000000000000e+01 1.777028918266296387e+00
5.700000000000000000e+01 1.727029204368591309e+00
5.800000000000000000e+01 1.756646513938903809e+00
5.900000000000000000e+01 1.801589131355285645e+00
6.000000000000000000e+01 1.817010164260864258e+00
6.100000000000000000e+01 1.850616216659545898e+00
6.200000000000000000e+01 1.780636668205261230e+00
6.300000000000000000e+01 1.842832446098327637e+00
6.400000000000000000e+01 1.798866152763366699e+00
6.500000000000000000e+01 1.780013799667358398e+00
6.600000000000000000e+01 1.778449654579162598e+00
6.700000000000000000e+01 1.789325714111328125e+00
6.800000000000000000e+01 1.852829813957214355e+00
6.900000000000000000e+01 1.764813780784606934e+00
7.000000000000000000e+01 1.821894884109497070e+00
7.100000000000000000e+01 1.792558073997497559e+00
7.200000000000000000e+01 1.863886237144470215e+00
7.300000000000000000e+01 1.758823275566101074e+00
7.400000000000000000e+01 1.774857282638549805e+00
7.500000000000000000e+01 1.854944944381713867e+00
7.600000000000000000e+01 1.796592950820922852e+00
7.700000000000000000e+01 1.759816288948059082e+00
7.800000000000000000e+01 1.783005714416503906e+00
7.900000000000000000e+01 1.865901708602905273e+00
8.000000000000000000e+01 1.753899216651916504e+00
8.100000000000000000e+01 1.804240226745605469e+00
8.200000000000000000e+01 1.803298950195312500e+00
8.300000000000000000e+01 1.715845346450805664e+00
8.400000000000000000e+01 1.826053380966186523e+00
8.500000000000000000e+01 1.850953340530395508e+00
8.600000000000000000e+01 1.814699053764343262e+00
8.700000000000000000e+01 1.734934926033020020e+00
8.800000000000000000e+01 1.826668739318847656e+00
8.900000000000000000e+01 1.837536454200744629e+00
9.000000000000000000e+01 1.759475231170654297e+00
9.100000000000000000e+01 1.767543077468872070e+00
9.200000000000000000e+01 1.800953626632690430e+00
9.300000000000000000e+01 1.780331015586853027e+00
9.400000000000000000e+01 1.803183913230895996e+00
9.500000000000000000e+01 1.834262371063232422e+00
9.600000000000000000e+01 1.918176174163818359e+00
9.700000000000000000e+01 1.802620887756347656e+00
9.800000000000000000e+01 1.738763213157653809e+00
9.900000000000000000e+01 1.915220856666564941e+00
