0.000000000000000000e+00 1.895809054374694824e+00
1.000000000000000000e+00 2.006402492523193359e+00
2.000000000000000000e+00 1.970764398574829102e+00
3.000000000000000000e+00 1.991526365280151367e+00
4.000000000000000000e+00 2.028372764587402344e+00
5.000000000000000000e+00 1.944915294647216797e+00
6.000000000000000000e+00 1.937172651290893555e+00
7.000000000000000000e+00 1.968836426734924316e+00
8.000000000000000000e+00 1.974728345870971680e+00
9.000000000000000000e+00 1.954569816589355469e+00
1.000000000000000000e+01 1.972550630569458008e+00
1.100000000000000000e+01 1.965314865112304688e+00
1.200000000000000000e+01 1.998582124710083008e+00
1.300000000000000000e+01 1.971924901008605957e+00
1.400000000000000000e+01 2.030794858932495117e+00
1.500000000000000000e+01 2.093779802322387695e+00
1.600000000000000000e+01 2.000832319259643555e+00
1.700000000000000000e+01 1.952220082283020020e+00
1.800000000000000000e+01 1.996553540229797363e+00
1.900000000000000000e+01 1.928535699844360352e+00
2.000000000000000000e+01 1.973772168159484863e+00
2.100000000000000000e+01 2.018456697463989258e+00
2.200000000000000000e+01 1.985691428184509277e+00
2.300000000000000000e+01 1.977099895477294922e+00
2.400000000000000000e+01 1.945683956146240234e+00
2.500000000000000000e+01 1.988606929779052734e+00
2.600000000000000000e+01 1.990241408348083496e+00
2.700000000000000000e+01 1.912653446197509766e+00
2.800000000000000000e+01 2.021511077880859375e+00
2.900000000000000000e+01 2.019149065017700195e+00
3.000000000000000000e+01 2.004599094390869141e+00
3.100000000000000000e+01 1.976930141448974609e+00
3.200000000000000000e+01 1.986109614372253418e+00
3.300000000000000000e+01 1.961001992225646973e+00
3.400000000000000000e+01 2.036039352416992188e+00
3.500000000000000000e+01 1.935431480407714844e+00
3.600000000000000000e+01 2.003236770629882812e+00
3.700000000000000000e+01 2.011541843414306641e+00
3.800000000000000000e+01 2.023866415023803711e+00
3.900000000000000000e+01 1.992274880409240723e+00
4.000000000000000000e+01 1.987896442413330078e+00
4.100000000000000000e+01 2.046358823776245117e+00
4.200000000000000000e+01 1.971702694892883301e+00
4.300000000000000000e+01 1.989542365074157715e+00
4.400000000000000000e+01 1.995287895202636719e+00
4.500000000000000000e+01 1.981658577919006348e+00
4.600000000000000000e+01 2.022462606430053711e+00
4.700000000000000000e+01 1.988984704017639160e+00
4.800000000000000000e+01 1.971830964088439941e+00
4.900000000000000000e+01 2.004853963851928711e+00
5.000000000000000000e+01 1.954536199569702148e+00
5.100000000000000000e+01 1.987925052642822266e+00
5.200000000000000000e+01 1.944877386093139648e+00
5.300000000000000000e+01 1.944692254066467285e+00
5.400000000000000000e+01 1.926329016685485840e+00
5.500000000000000000e+01 1.937507271766662598e+00
5.600000000000000000e+01 2.010698080062866211e+00
5.700000000000000000e+01 1.922290802001953125e+00
5.800000000000000000e+01 1.872961640357971191e+00
5.900000000000000000e+01 2.007480859756469727e+00
6.000000000000000000e+01 1.921293973922729492e+00
6.100000000000000000e+01 1.992210149765014648e+00
6.200000000000000000e+01 1.992704391479492188e+00
6.300000000000000000e+01 1.910619020462036133e+00
6.400000000000000000e+01 1.962384343147277832e+00
6.500000000000000000e+01 1.983344793319702148e+00
6.600000000000000000e+01 1.965805411338806152e+00
6.700000000000000000e+01 2.002907514572143555e+00
6.800000000000000000e+01 2.018423080444335938e+00
6.900000000000000000e+01 2.027224063873291016e+00
7.000000000000000000e+01 2.026934385299682617e+00
7.100000000000000000e+01 1.983093380928039551e+00
7.200000000000000000e+01 1.957344412803649902e+00
7.300000000000000000e+01 2.016997575759887695e+00
7.400000000000000000e+01 2.052000761032104492e+00
7.500000000000000000e+01 1.993343114852905273e+00
7.600000000000000000e+01 1.892328619956970215e+00
7.700000000000000000e+01 1.974181771278381348e+00
7.800000000000000000e+01 1.904366374015808105e+00
7.900000000000000000e+01 2.045419216156005859e+00
8.000000000000000000e+01 1.932400584220886230e+00
8.100000000000000000e+01 1.952638864517211914e+00
8.200000000000000000e+01 1.941746830940246582e+00
8.300000000000000000e+01 1.937380671501159668e+00
8.400000000000000000e+01 2.035704135894775391e+00
8.500000000000000000e+01 1.988569736480712891e+00
8.600000000000000000e+01 1.959516525268554688e+00
8.700000000000000000e+01 2.001911640167236328e+00
8.800000000000000000e+01 2.049766540527343750e+00
8.900000000000000000e+01 1.946437001228332520e+00
9.000000000000000000e+01 1.940690517425537109e+00
9.100000000000000000e+01 1.999498486518859863e+00
9.200000000000000000e+01 1.967128872871398926e+00
9.300000000000000000e+01 1.997478961944580078e+00
9.400000000000000000e+01 2.029959440231323242e+00
9.500000000000000000e+01 2.022136926651000977e+00
9.600000000000000000e+01 1.918643355369567871e+00
9.700000000000000000e+01 1.943444252014160156e+00
9.800000000000000000e+01 2.027318239212036133e+00
9.900000000000000000e+01 2.051490068435668945e+00
