0.000000000000000000e+00 2.485690593719482422e+00
1.000000000000000000e+00 2.492658376693725586e+00
2.000000000000000000e+00 2.497047901153564453e+00
3.000000000000000000e+00 2.473003625869750977e+00
4.000000000000000000e+00 2.474160432815551758e+00
5.000000000000000000e+00 2.519455671310424805e+00
6.000000000000000000e+00 2.487503290176391602e+00
7.000000000000000000e+00 2.488207101821899414e+00
8.000000000000000000e+00 2.523139476776123047e+00
9.000000000000000000e+00 2.521376609802246094e+00
1.000000000000000000e+01 2.423329114913940430e+00
1.100000000000000000e+01 2.502219200134277344e+00
1.200000000000000000e+01 2.478590250015258789e+00
1.300000000000000000e+01 2.512374639511108398e+00
1.400000000000000000e+01 2.573582172393798828e+00
1.500000000000000000e+01 2.474616289138793945e+00
1.600000000000000000e+01 2.586298704147338867e+00
1.700000000000000000e+01 2.506305694580078125e+00
1.800000000000000000e+01 2.493703603744506836e+00
1.900000000000000000e+01 2.545815706253051758e+00
2.000000000000000000e+01 2.506104230880737305e+00
2.100000000000000000e+01 2.546969413757324219e+00
2.200000000000000000e+01 2.477134943008422852e+00
2.300000000000000000e+01 2.481359004974365234e+00
2.400000000000000000e+01 2.547656536102294922e+00
2.500000000000000000e+01 2.492872238159179688e+00
2.600000000000000000e+01 2.540981769561767578e+00
2.700000000000000000e+01 2.555921316146850586e+00
2.800000000000000000e+01 2.542182445526123047e+00
2.900000000000000000e+01 2.517267227172851562e+00
3.000000000000000000e+01 2.549469947814941406e+00
3.100000000000000000e+01 2.509323120117187500e+00
3.200000000000000000e+01 2.422517538070678711e+00
3.300000000000000000e+01 2.537623167037963867e+00
3.400000000000000000e+01 2.539750814437866211e+00
3.500000000000000000e+01 2.542092800140380859e+00
3.600000000000000000e+01 2.517959356307983398e+00
3.700000000000000000e+01 2.557702779769897461e+00
3.800000000000000000e+01 2.514513492584228516e+00
3.900000000000000000e+01 2.427541017532348633e+00
4.000000000000000000e+01 2.380548238754272461e+00
4.100000000000000000e+01 2.463955402374267578e+00
4.200000000000000000e+01 2.493178844451904297e+00
4.300000000000000000e+01 2.426562070846557617e+00
4.400000000000000000e+01 2.449928522109985352e+00
4.500000000000000000e+01 2.546721458435058594e+00
4.600000000000000000e+01 2.464531421661376953e+00
4.700000000000000000e+01 2.499559879302978516e+00
4.800000000000000000e+01 2.515269041061401367e+00
4.900000000000000000e+01 2.536153078079223633e+00
5.000000000000000000e+01 2.534753084182739258e+00
5.100000000000000000e+01 2.525897264480590820e+00
5.200000000000000000e+01 2.427866697311401367e+00
5.300000000000000000e+01 2.546573877334594727e+00
5.400000000000000000e+01 2.533915519714355469e+00
5.500000000000000000e+01 2.516078948974609375e+00
5.600000000000000000e+01 2.504648685455322266e+00
5.700000000000000000e+01 2.530629873275756836e+00
5.800000000000000000e+01 2.438870429992675781e+00
5.900000000000000000e+01 2.531580448150634766e+00
6.000000000000000000e+01 2.505138635635375977e+00
6.100000000000000000e+01 2.589390039443969727e+00
6.200000000000000000e+01 2.544798135757446289e+00
6.300000000000000000e+01 2.456715583801269531e+00
6.400000000000000000e+01 2.419178724288940430e+00
6.500000000000000000e+01 2.471261978149414062e+00
6.600000000000000000e+01 2.518555164337158203e+00
6.700000000000000000e+01 2.374610900878906250e+00
6.800000000000000000e+01 2.431143522262573242e+00
6.900000000000000000e+01 2.486589193344116211e+00
7.000000000000000000e+01 2.473813056945800781e+00
7.100000000000000000e+01 2.386885881423950195e+00
7.200000000000000000e+01 2.578225612640380859e+00
7.300000000000000000e+01 2.567578077316284180e+00
7.400000000000000000e+01 2.509882211685180664e+00
7.500000000000000000e+01 2.495261192321777344e+00
7.600000000000000000e+01 2.534232139587402344e+00
7.700000000000000000e+01 2.530255794525146484e+00
7.800000000000000000e+01 2.476936340332031250e+00
7.900000000000000000e+01 2.484804630279541016e+00
8.000000000000000000e+01 2.583839893341064453e+00
8.100000000000000000e+01 2.539205312728881836e+00
8.200000000000000000e+01 2.602671623229980469e+00
8.300000000000000000e+01 2.488021373748779297e+00
8.400000000000000000e+01 2.451102733612060547e+00
8.500000000000000000e+01 2.530283689498901367e+00
8.600000000000000000e+01 2.480945587158203125e+00
8.700000000000000000e+01 2.395776748657226562e+00
8.800000000000000000e+01 2.509882211685180664e+00
8.900000000000000000e+01 2.668605566024780273e+00
9.000000000000000000e+01 2.535582542419433594e+00
9.100000000000000000e+01 2.560636758804321289e+00
9.200000000000000000e+01 2.494730949401855469e+00
9.300000000000000000e+01 2.544455528259277344e+00
9.400000000000000000e+01 2.469536304473876953e+00
9.500000000000000000e+01 2.569009304046630859e+00
9.600000000000000000e+01 2.508543729782104492e+00
9.700000000000000000e+01 2.472605466842651367e+00
9.800000000000000000e+01 2.483457565307617188e+00
9.900000000000000000e+01 2.436688184738159180e+00
