0.000000000000000000e+00 1.444103121757507324e+00
1.000000000000000000e+00 1.495877981185913086e+00
2.000000000000000000e+00 1.491560220718383789e+00
3.000000000000000000e+00 1.497805476188659668e+00
4.000000000000000000e+00 1.514618873596191406e+00
5.000000000000000000e+00 1.485145449638366699e+00
6.000000000000000000e+00 1.454219222068786621e+00
7.000000000000000000e+00 1.537042856216430664e+00
8.000000000000000000e+00 1.425886511802673340e+00
9.000000000000000000e+00 1.545502781867980957e+00
1.000000000000000000e+01 1.502830624580383301e+00
1.100000000000000000e+01 1.510665178298950195e+00
1.200000000000000000e+01 1.459168553352355957e+00
1.300000000000000000e+01 1.520352125167846680e+00
1.400000000000000000e+01 1.451615214347839355e+00
1.500000000000000000e+01 1.499291777610778809e+00
1.600000000000000000e+01 1.448297619819641113e+00
1.700000000000000000e+01 1.435210227966308594e+00
1.800000000000000000e+01 1.547778487205505371e+00
1.900000000000000000e+01 1.512352824211120605e+00
2.000000000000000000e+01 1.473698854446411133e+00
2.100000000000000000e+01 1.479040741920471191e+00
2.200000000000000000e+01 1.482151985168457031e+00
2.300000000000000000e+01 1.465250134468078613e+00
2.400000000000000000e+01 1.470914125442504883e+00
2.500000000000000000e+01 1.503556847572326660e+00
2.600000000000000000e+01 1.471149921417236328e+00
2.700000000000000000e+01 1.492477416992187500e+00
2.800000000000000000e+01 1.485655903816223145e+00
2.900000000000000000e+01 1.538659811019897461e+00
3.000000000000000000e+01 1.502269148826599121e+00
3.100000000000000000e+01 1.448021650314331055e+00
3.200000000000000000e+01 1.538352847099304199e+00
3.300000000000000000e+01 1.539958000183105469e+00
3.400000000000000000e+01 1.421329855918884277e+00
3.500000000000000000e+01 1.436920642852783203e+00
3.600000000000000000e+01 1.462752819061279297e+00
3.700000000000000000e+01 1.485081672668457031e+00
3.800000000000000000e+01 1.492189049720764160e+00
3.900000000000000000e+01 1.449455499649047852e+00
4.000000000000000000e+01 1.489638209342956543e+00
4.100000000000000000e+01 1.507662296295166016e+00
4.200000000000000000e+01 1.505425691604614258e+00
4.300000000000000000e+01 1.479213118553161621e+00
4.400000000000000000e+01 1.458194851875305176e+00
4.500000000000000000e+01 1.592516660690307617e+00
4.600000000000000000e+01 1.487502694129943848e+00
4.700000000000000000e+01 1.444334149360656738e+00
4.800000000000000000e+01 1.486744403839111328e+00
4.900000000000000000e+01 1.461583614349365234e+00
5.000000000000000000e+01 1.529563546180725098e+00
5.100000000000000000e+01 1.494506239891052246e+00
5.200000000000000000e+01 1.484690189361572266e+00
5.300000000000000000e+01 1.456187725067138672e+00
5.400000000000000000e+01 1.417982339859008789e+00
5.500000000000000000e+01 1.467098832130432129e+00
5.600000000000000000e+01 1.460999846458435059e+00
5.700000000000000000e+01 1.438892245292663574e+00
5.800000000000000000e+01 1.481784939765930176e+00
5.900000000000000000e+01 1.450722455978393555e+00
6.000000000000000000e+01 1.495431780815124512e+00
6.100000000000000000e+01 1.489074349403381348e+00
6.200000000000000000e+01 1.428810358047485352e+00
6.300000000000000000e+01 1.425119042396545410e+00
6.400000000000000000e+01 1.440621018409729004e+00
6.500000000000000000e+01 1.542897462844848633e+00
6.600000000000000000e+01 1.440417408943176270e+00
6.700000000000000000e+01 1.532703042030334473e+00
6.800000000000000000e+01 1.438656210899353027e+00
6.900000000000000000e+01 1.497665047645568848e+00
7.000000000000000000e+01 1.454191446304321289e+00
7.100000000000000000e+01 1.504488706588745117e+00
7.200000000000000000e+01 1.431603312492370605e+00
7.300000000000000000e+01 1.449436426162719727e+00
7.400000000000000000e+01 1.503225326538085938e+00
7.500000000000000000e+01 1.521036505699157715e+00
7.600000000000000000e+01 1.451800584793090820e+00
7.700000000000000000e+01 1.480575442314147949e+00
7.800000000000000000e+01 1.466565608978271484e+00
7.900000000000000000e+01 1.513800144195556641e+00
8.000000000000000000e+01 1.447081208229064941e+00
8.100000000000000000e+01 1.512809991836547852e+00
8.200000000000000000e+01 1.513833403587341309e+00
8.300000000000000000e+01 1.512760996818542480e+00
8.400000000000000000e+01 1.522015213966369629e+00
8.500000000000000000e+01 1.474884748458862305e+00
8.600000000000000000e+01 1.529368042945861816e+00
8.700000000000000000e+01 1.454912781715393066e+00
8.800000000000000000e+01 1.565099716186523438e+00
8.900000000000000000e+01 1.473436713218688965e+00
9.000000000000000000e+01 1.439528822898864746e+00
9.100000000000000000e+01 1.568818211555480957e+00
9.200000000000000000e+01 1.457998514175415039e+00
9.300000000000000000e+01 1.427873492240905762e+00
9.400000000000000000e+01 1.534567713737487793e+00
9.500000000000000000e+01 1.492572546005249023e+00
9.600000000000000000e+01 1.476153731346130371e+00
9.700000000000000000e+01 1.485226035118103027e+00
9.800000000000000000e+01 1.434259772300720215e+00
9.900000000000000000e+01 1.536190390586853027e+00
