0.000000000000000000e+00 3.162326097488403320e+00
1.000000000000000000e+00 3.225275278091430664e+00
2.000000000000000000e+00 3.103005886077880859e+00
3.000000000000000000e+00 3.218875646591186523e+00
4.000000000000000000e+00 3.195046663284301758e+00
5.000000000000000000e+00 3.232770681381225586e+00
6.000000000000000000e+00 3.189396381378173828e+00
7.000000000000000000e+00 3.237159013748168945e+00
8.000000000000000000e+00 3.151148796081542969e+00
9.000000000000000000e+00 3.165824651718139648e+00
1.000000000000000000e+01 3.113826751708984375e+00
1.100000000000000000e+01 3.138578414916992188e+00
1.200000000000000000e+01 3.213413953781127930e+00
1.300000000000000000e+01 3.204082012176513672e+00
1.400000000000000000e+01 3.210569620132446289e+00
1.500000000000000000e+01 3.116369485855102539e+00
1.600000000000000000e+01 3.150827407836914062e+00
1.700000000000000000e+01 3.164093017578125000e+00
1.800000000000000000e+01 3.209993600845336914e+00
1.900000000000000000e+01 3.133438110351562500e+00
2.000000000000000000e+01 3.148216724395751953e+00
2.100000000000000000e+01 3.095212459564208984e+00
2.200000000000000000e+01 3.185409784317016602e+00
2.300000000000000000e+01 3.150772571563720703e+00
2.400000000000000000e+01 3.217344522476196289e+00
2.500000000000000000e+01 3.109520196914672852e+00
2.600000000000000000e+01 3.135121822357177734e+00
2.700000000000000000e+01 3.166790962219238281e+00
2.800000000000000000e+01 3.150485515594482422e+00
2.900000000000000000e+01 3.153495788574218750e+00
3.000000000000000000e+01 3.168682575225830078e+00
3.100000000000000000e+01 3.103887319564819336e+00
3.200000000000000000e+01 3.133672475814819336e+00
3.300000000000000000e+01 3.195919513702392578e+00
3.400000000000000000e+01 3.221066474914550781e+00
3.500000000000000000e+01 3.132220506668090820e+00
3.600000000000000000e+01 3.156494140625000000e+00
3.700000000000000000e+01 3.093960285186767578e+00
3.800000000000000000e+01 3.232797622680664062e+00
3.900000000000000000e+01 3.135193824768066406e+00
4.000000000000000000e+01 3.142901182174682617e+00
4.100000000000000000e+01 3.082696199417114258e+00
4.200000000000000000e+01 3.145422935485839844e+00
4.300000000000000000e+01 3.153337240219116211e+00
4.400000000000000000e+01 3.230247735977172852e+00
4.500000000000000000e+01 3.165683984756469727e+00
4.600000000000000000e+01 3.202556848526000977e+00
4.700000000000000000e+01 3.143690824508666992e+00
4.800000000000000000e+01 3.119697570800781250e+00
4.900000000000000000e+01 3.206565618515014648e+00
5.000000000000000000e+01 3.160407781600952148e+00
5.100000000000000000e+01 3.190000534057617188e+00
5.200000000000000000e+01 3.161035299301147461e+00
5.300000000000000000e+01 3.191358327865600586e+00
5.400000000000000000e+01 3.173445940017700195e+00
5.500000000000000000e+01 3.137651205062866211e+00
5.600000000000000000e+01 3.246195077896118164e+00
5.700000000000000000e+01 3.228369474411010742e+00
5.800000000000000000e+01 3.135690450668334961e+00
5.900000000000000000e+01 3.175951480865478516e+00
6.000000000000000000e+01 3.189378738403320312e+00
6.100000000000000000e+01 3.185374736785888672e+00
6.200000000000000000e+01 3.191715002059936523e+00
6.300000000000000000e+01 3.147394418716430664e+00
6.400000000000000000e+01 3.157499313354492188e+00
6.500000000000000000e+01 3.149046421051025391e+00
6.600000000000000000e+01 3.259864330291748047e+00
6.700000000000000000e+01 3.129353761672973633e+00
6.800000000000000000e+01 3.087546825408935547e+00
6.900000000000000000e+01 3.133014440536499023e+00
7.000000000000000000e+01 3.145425319671630859e+00
7.100000000000000000e+01 3.169673919677734375e+00
7.200000000000000000e+01 3.153801679611206055e+00
7.300000000000000000e+01 3.164967060089111328e+00
7.400000000000000000e+01 3.166252136230468750e+00
7.500000000000000000e+01 3.158327579498291016e+00
7.600000000000000000e+01 3.114440202713012695e+00
7.700000000000000000e+01 3.150159120559692383e+00
7.800000000000000000e+01 3.159474611282348633e+00
7.900000000000000000e+01 3.092869520187377930e+00
8.000000000000000000e+01 3.101491689682006836e+00
8.100000000000000000e+01 3.199799537658691406e+00
8.200000000000000000e+01 3.161528587341308594e+00
8.300000000000000000e+01 3.148623943328857422e+00
8.400000000000000000e+01 3.093712806701660156e+00
8.500000000000000000e+01 3.164223432540893555e+00
8.600000000000000000e+01 3.171290159225463867e+00
8.700000000000000000e+01 3.140735864639282227e+00
8.800000000000000000e+01 3.140439271926879883e+00
8.900000000000000000e+01 3.099346876144409180e+00
9.000000000000000000e+01 3.186432361602783203e+00
9.100000000000000000e+01 3.069837570190429688e+00
9.200000000000000000e+01 3.177813291549682617e+00
9.300000000000000000e+01 3.211433172225952148e+00
9.400000000000000000e+01 3.171449899673461914e+00
9.500000000000000000e+01 3.082623004913330078e+00
9.600000000000000000e+01 3.125862598419189453e+00
9.700000000000000000e+01 3.268173456192016602e+00
9.800000000000000000e+01 3.140273094177246094e+00
9.900000000000000000e+01 3.130120038986206055e+00
