0.000000000000000000e+00 1.455139160156250000e+00
1.000000000000000000e+00 1.486469388008117676e+00
2.000000000000000000e+00 1.536596417427062988e+00
3.000000000000000000e+00 1.474425911903381348e+00
4.000000000000000000e+00 1.505826115608215332e+00
5.000000000000000000e+00 1.503326654434204102e+00
6.000000000000000000e+00 1.574526429176330566e+00
7.000000000000000000e+00 1.508250117301940918e+00
8.000000000000000000e+00 1.479338526725769043e+00
9.000000000000000000e+00 1.518473148345947266e+00
1.000000000000000000e+01 1.486240744590759277e+00
1.100000000000000000e+01 1.485510349273681641e+00
1.200000000000000000e+01 1.532696008682250977e+00
1.300000000000000000e+01 1.539119720458984375e+00
1.400000000000000000e+01 1.495991706848144531e+00
1.500000000000000000e+01 1.545741558074951172e+00
1.600000000000000000e+01 1.606895208358764648e+00
1.700000000000000000e+01 1.489348053932189941e+00
1.800000000000000000e+01 1.505878686904907227e+00
1.900000000000000000e+01 1.530701875686645508e+00
2.000000000000000000e+01 1.501377701759338379e+00
2.100000000000000000e+01 1.543370127677917480e+00
2.200000000000000000e+01 1.495746374130249023e+00
2.300000000000000000e+01 1.574784040451049805e+00
2.400000000000000000e+01 1.586322188377380371e+00
2.500000000000000000e+01 1.608625769615173340e+00
2.600000000000000000e+01 1.593150019645690918e+00
2.700000000000000000e+01 1.490419268608093262e+00
2.800000000000000000e+01 1.522175431251525879e+00
2.900000000000000000e+01 1.531688809394836426e+00
3.000000000000000000e+01 1.544242382049560547e+00
3.100000000000000000e+01 1.515006422996520996e+00
3.200000000000000000e+01 1.558848142623901367e+00
3.300000000000000000e+01 1.606210708618164062e+00
3.400000000000000000e+01 1.521010637283325195e+00
3.500000000000000000e+01 1.564031243324279785e+00
3.600000000000000000e+01 1.707425475120544434e+00
3.700000000000000000e+01 1.515534400939941406e+00
3.800000000000000000e+01 1.622129321098327637e+00
3.900000000000000000e+01 1.553656101226806641e+00
4.000000000000000000e+01 1.598485827445983887e+00
4.100000000000000000e+01 1.505145907402038574e+00
4.200000000000000000e+01 1.584588766098022461e+00
4.300000000000000000e+01 1.623369216918945312e+00
4.400000000000000000e+01 1.567225098609924316e+00
4.500000000000000000e+01 1.545973539352416992e+00
4.600000000000000000e+01 1.559911489486694336e+00
4.700000000000000000e+01 1.589448332786560059e+00
4.800000000000000000e+01 1.509430408477783203e+00
4.900000000000000000e+01 1.598031759262084961e+00
5.000000000000000000e+01 1.537043571472167969e+00
5.100000000000000000e+01 1.612391352653503418e+00
5.200000000000000000e+01 1.575206756591796875e+00
5.300000000000000000e+01 1.542041420936584473e+00
5.400000000000000000e+01 1.545401811599731445e+00
5.500000000000000000e+01 1.529143095016479492e+00
5.600000000000000000e+01 1.514084696769714355e+00
5.700000000000000000e+01 1.497082829475402832e+00
5.800000000000000000e+01 1.473605513572692871e+00
5.900000000000000000e+01 1.553528666496276855e+00
6.000000000000000000e+01 1.480561614036560059e+00
6.100000000000000000e+01 1.579851150512695312e+00
6.200000000000000000e+01 1.538976788520812988e+00
6.300000000000000000e+01 1.468075871467590332e+00
6.400000000000000000e+01 1.587153196334838867e+00
6.500000000000000000e+01 1.458218097686767578e+00
6.600000000000000000e+01 1.524940371513366699e+00
6.700000000000000000e+01 1.500936985015869141e+00
6.800000000000000000e+01 1.613323092460632324e+00
6.900000000000000000e+01 1.545559048652648926e+00
7.000000000000000000e+01 1.571234703063964844e+00
7.100000000000000000e+01 1.478986144065856934e+00
7.200000000000000000e+01 1.539885520935058594e+00
7.300000000000000000e+01 1.503170728683471680e+00
7.400000000000000000e+01 1.491667985916137695e+00
7.500000000000000000e+01 1.551362633705139160e+00
7.600000000000000000e+01 1.519703745841979980e+00
7.700000000000000000e+01 1.516909480094909668e+00
7.800000000000000000e+01 1.446373939514160156e+00
7.900000000000000000e+01 1.533633828163146973e+00
8.000000000000000000e+01 1.524966597557067871e+00
8.100000000000000000e+01 1.494844913482666016e+00
8.200000000000000000e+01 1.609479069709777832e+00
8.300000000000000000e+01 1.541335105895996094e+00
8.400000000000000000e+01 1.481358051300048828e+00
8.500000000000000000e+01 1.586431741714477539e+00
8.600000000000000000e+01 1.614376187324523926e+00
8.700000000000000000e+01 1.575067877769470215e+00
8.800000000000000000e+01 1.525517225265502930e+00
8.900000000000000000e+01 1.519950985908508301e+00
9.000000000000000000e+01 1.610489487648010254e+00
9.100000000000000000e+01 1.594393134117126465e+00
9.200000000000000000e+01 1.547720551490783691e+00
9.300000000000000000e+01 1.549785494804382324e+00
9.400000000000000000e+01 1.543425798416137695e+00
9.500000000000000000e+01 1.580160379409790039e+00
9.600000000000000000e+01 1.476641416549682617e+00
9.700000000000000000e+01 1.537123680114746094e+00
9.800000000000000000e+01 1.502130866050720215e+00
9.900000000000000000e+01 1.527907967567443848e+00
