0.000000000000000000e+00 1.823873400688171387e+00
1.000000000000000000e+00 1.843468785285949707e+00
2.000000000000000000e+00 1.849712729454040527e+00
3.000000000000000000e+00 1.835968494415283203e+00
4.000000000000000000e+00 1.807235717773437500e+00
5.000000000000000000e+00 1.836510896682739258e+00
6.000000000000000000e+00 1.886704683303833008e+00
7.000000000000000000e+00 1.870356559753417969e+00
8.000000000000000000e+00 1.843959689140319824e+00
9.000000000000000000e+00 1.908758759498596191e+00
1.000000000000000000e+01 1.823427438735961914e+00
1.100000000000000000e+01 1.786161065101623535e+00
1.200000000000000000e+01 1.856068849563598633e+00
1.300000000000000000e+01 1.844608902931213379e+00
1.400000000000000000e+01 1.818943858146667480e+00
1.500000000000000000e+01 1.928140282630920410e+00
1.600000000000000000e+01 1.809624910354614258e+00
1.700000000000000000e+01 1.828815817832946777e+00
1.800000000000000000e+01 1.859305262565612793e+00
1.900000000000000000e+01 1.881485223770141602e+00
2.000000000000000000e+01 1.881700038909912109e+00
2.100000000000000000e+01 1.854924440383911133e+00
2.200000000000000000e+01 1.869708061218261719e+00
2.300000000000000000e+01 1.736405730247497559e+00
2.400000000000000000e+01 1.902122974395751953e+00
2.500000000000000000e+01 1.924972176551818848e+00
2.600000000000000000e+01 1.922085285186767578e+00
2.700000000000000000e+01 1.900032281875610352e+00
2.800000000000000000e+01 1.869069099426269531e+00
2.900000000000000000e+01 1.861577987670898438e+00
3.000000000000000000e+01 1.793648958206176758e+00
3.100000000000000000e+01 1.892445087432861328e+00
3.200000000000000000e+01 1.919934868812561035e+00
3.300000000000000000e+01 1.854427695274353027e+00
3.400000000000000000e+01 1.890998721122741699e+00
3.500000000000000000e+01 1.910774707794189453e+00
3.600000000000000000e+01 1.878477454185485840e+00
3.700000000000000000e+01 1.851046323776245117e+00
3.800000000000000000e+01 1.826657533645629883e+00
3.900000000000000000e+01 1.870164752006530762e+00
4.000000000000000000e+01 1.812351465225219727e+00
4.100000000000000000e+01 1.842173457145690918e+00
4.200000000000000000e+01 1.857972502708435059e+00
4.300000000000000000e+01 1.850736618041992188e+00
4.400000000000000000e+01 1.809486389160156250e+00
4.500000000000000000e+01 1.897992610931396484e+00
4.600000000000000000e+01 1.838048696517944336e+00
4.700000000000000000e+01 1.904890894889831543e+00
4.800000000000000000e+01 1.847514510154724121e+00
4.900000000000000000e+01 1.839135408401489258e+00
5.000000000000000000e+01 1.856652617454528809e+00
5.100000000000000000e+01 1.839373350143432617e+00
5.200000000000000000e+01 1.842425704002380371e+00
5.300000000000000000e+01 1.897951602935791016e+00
5.400000000000000000e+01 1.843688607215881348e+00
5.500000000000000000e+01 1.935073614120483398e+00
5.600000000000000000e+01 1.813264727592468262e+00
5.700000000000000000e+01 1.880019068717956543e+00
5.800000000000000000e+01 1.852626681327819824e+00
5.900000000000000000e+01 1.867625236511230469e+00
6.000000000000000000e+01 1.886615157127380371e+00
6.100000000000000000e+01 1.836410999298095703e+00
6.200000000000000000e+01 1.886179327964782715e+00
6.300000000000000000e+01 1.879705071449279785e+00
6.400000000000000000e+01 1.884257316589355469e+00
6.500000000000000000e+01 1.873025894165039062e+00
6.600000000000000000e+01 1.819128990173339844e+00
6.700000000000000000e+01 1.820619463920593262e+00
6.800000000000000000e+01 1.844074606895446777e+00
6.900000000000000000e+01 1.885791301727294922e+00
7.000000000000000000e+01 1.846061944961547852e+00
7.100000000000000000e+01 1.887754321098327637e+00
7.200000000000000000e+01 1.729883074760437012e+00
7.300000000000000000e+01 1.811167836189270020e+00
7.400000000000000000e+01 1.854114174842834473e+00
7.500000000000000000e+01 1.868667840957641602e+00
7.600000000000000000e+01 1.895932197570800781e+00
7.700000000000000000e+01 1.871674180030822754e+00
7.800000000000000000e+01 1.878680825233459473e+00
7.900000000000000000e+01 1.817123651504516602e+00
8.000000000000000000e+01 1.894668221473693848e+00
8.100000000000000000e+01 1.874256610870361328e+00
8.200000000000000000e+01 1.880783081054687500e+00
8.300000000000000000e+01 1.878336906433105469e+00
8.400000000000000000e+01 1.806084632873535156e+00
8.500000000000000000e+01 1.847301602363586426e+00
8.600000000000000000e+01 1.823883652687072754e+00
8.700000000000000000e+01 1.787310957908630371e+00
8.800000000000000000e+01 1.835173130035400391e+00
8.900000000000000000e+01 1.797785282135009766e+00
9.000000000000000000e+01 1.921150445938110352e+00
9.100000000000000000e+01 1.843688130378723145e+00
9.200000000000000000e+01 1.868855595588684082e+00
9.300000000000000000e+01 1.845695614814758301e+00
9.400000000000000000e+01 1.886668920516967773e+00
9.500000000000000000e+01 1.897261619567871094e+00
9.600000000000000000e+01 1.861352086067199707e+00
9.700000000000000000e+01 1.837257504463195801e+00
9.800000000000000000e+01 1.909210681915283203e+00
9.900000000000000000e+01 1.801009774208068848e+00
