0.000000000000000000e+00 1.600544691085815430e+00
1.000000000000000000e+00 1.564985394477844238e+00
2.000000000000000000e+00 1.606155157089233398e+00
3.000000000000000000e+00 1.585697889328002930e+00
4.000000000000000000e+00 1.612905979156494141e+00
5.000000000000000000e+00 1.631468057632446289e+00
6.000000000000000000e+00 1.586360812187194824e+00
7.000000000000000000e+00 1.612795472145080566e+00
8.000000000000000000e+00 1.620933055877685547e+00
9.000000000000000000e+00 1.678524732589721680e+00
1.000000000000000000e+01 1.563352227210998535e+00
1.100000000000000000e+01 1.661282300949096680e+00
1.200000000000000000e+01 1.694109916687011719e+00
1.300000000000000000e+01 1.722528338432312012e+00
1.400000000000000000e+01 1.578722000122070312e+00
1.500000000000000000e+01 1.563361883163452148e+00
1.600000000000000000e+01 1.632130503654479980e+00
1.700000000000000000e+01 1.569536685943603516e+00
1.800000000000000000e+01 1.613621711730957031e+00
1.900000000000000000e+01 1.653890728950500488e+00
2.000000000000000000e+01 1.589640498161315918e+00
2.100000000000000000e+01 1.578118801116943359e+00
2.200000000000000000e+01 1.569977045059204102e+00
2.300000000000000000e+01 1.730686187744140625e+00
2.400000000000000000e+01 1.607634186744689941e+00
2.500000000000000000e+01 1.537935376167297363e+00
2.600000000000000000e+01 1.619441032409667969e+00
2.700000000000000000e+01 1.694639444351196289e+00
2.800000000000000000e+01 1.674004554748535156e+00
2.900000000000000000e+01 1.577241063117980957e+00
3.000000000000000000e+01 1.654736399650573730e+00
3.100000000000000000e+01 1.625038385391235352e+00
3.200000000000000000e+01 1.665419101715087891e+00
3.300000000000000000e+01 1.549039244651794434e+00
3.400000000000000000e+01 1.564337134361267090e+00
3.500000000000000000e+01 1.655550956726074219e+00
3.600000000000000000e+01 1.676270365715026855e+00
3.700000000000000000e+01 1.632228493690490723e+00
3.800000000000000000e+01 1.607406735420227051e+00
3.900000000000000000e+01 1.582271814346313477e+00
4.000000000000000000e+01 1.646340727806091309e+00
4.100000000000000000e+01 1.627413868904113770e+00
4.200000000000000000e+01 1.616932630538940430e+00
4.300000000000000000e+01 1.609350800514221191e+00
4.400000000000000000e+01 1.587865710258483887e+00
4.500000000000000000e+01 1.648604393005371094e+00
4.600000000000000000e+01 1.574762463569641113e+00
4.700000000000000000e+01 1.532721996307373047e+00
4.800000000000000000e+01 1.636646747589111328e+00
4.900000000000000000e+01 1.668386220932006836e+00
5.000000000000000000e+01 1.599650502204895020e+00
5.100000000000000000e+01 1.636059880256652832e+00
5.200000000000000000e+01 1.587235569953918457e+00
5.300000000000000000e+01 1.630765795707702637e+00
5.400000000000000000e+01 1.673598051071166992e+00
5.500000000000000000e+01 1.670903682708740234e+00
5.600000000000000000e+01 1.610322833061218262e+00
5.700000000000000000e+01 1.619053959846496582e+00
5.800000000000000000e+01 1.631159424781799316e+00
5.900000000000000000e+01 1.619885683059692383e+00
6.000000000000000000e+01 1.680732369422912598e+00
6.100000000000000000e+01 1.553429961204528809e+00
6.200000000000000000e+01 1.654438257217407227e+00
6.300000000000000000e+01 1.578292727470397949e+00
6.400000000000000000e+01 1.722042083740234375e+00
6.500000000000000000e+01 1.663129329681396484e+00
6.600000000000000000e+01 1.503360509872436523e+00
6.700000000000000000e+01 1.631828427314758301e+00
6.800000000000000000e+01 1.595620870590209961e+00
6.900000000000000000e+01 1.565418601036071777e+00
7.000000000000000000e+01 1.682141423225402832e+00
7.100000000000000000e+01 1.547654151916503906e+00
7.200000000000000000e+01 1.634121775627136230e+00
7.300000000000000000e+01 1.588425874710083008e+00
7.400000000000000000e+01 1.692561268806457520e+00
7.500000000000000000e+01 1.611979603767395020e+00
7.600000000000000000e+01 1.652019739151000977e+00
7.700000000000000000e+01 1.703312754631042480e+00
7.800000000000000000e+01 1.670723557472229004e+00
7.900000000000000000e+01 1.712419748306274414e+00
8.000000000000000000e+01 1.558992505073547363e+00
8.100000000000000000e+01 1.581494212150573730e+00
8.200000000000000000e+01 1.573138475418090820e+00
8.300000000000000000e+01 1.588655233383178711e+00
8.400000000000000000e+01 1.578162908554077148e+00
8.500000000000000000e+01 1.680276870727539062e+00
8.600000000000000000e+01 1.652910590171813965e+00
8.700000000000000000e+01 1.637349843978881836e+00
8.800000000000000000e+01 1.662750005722045898e+00
8.900000000000000000e+01 1.668456315994262695e+00
9.000000000000000000e+01 1.639406323432922363e+00
9.100000000000000000e+01 1.587740659713745117e+00
9.200000000000000000e+01 1.632075548171997070e+00
9.300000000000000000e+01 1.681858420372009277e+00
9.400000000000000000e+01 1.613198995590209961e+00
9.500000000000000000e+01 1.694534182548522949e+00
9.600000000000000000e+01 1.589999675750732422e+00
9.700000000000000000e+01 1.571260094642639160e+00
9.800000000000000000e+01 1.625312566757202148e+00
9.900000000000000000e+01 1.614588022232055664e+00
