0.000000000000000000e+00 1.896325826644897461e+00
1.000000000000000000e+00 1.907989859580993652e+00
2.000000000000000000e+00 1.934638500213623047e+00
3.000000000000000000e+00 1.918216824531555176e+00
4.000000000000000000e+00 1.932453155517578125e+00
5.000000000000000000e+00 1.919857621192932129e+00
6.000000000000000000e+00 1.926790118217468262e+00
7.000000000000000000e+00 1.940311431884765625e+00
8.000000000000000000e+00 1.933418393135070801e+00
9.000000000000000000e+00 1.898852586746215820e+00
1.000000000000000000e+01 1.930028080940246582e+00
1.100000000000000000e+01 2.006952524185180664e+00
1.200000000000000000e+01 1.932130217552185059e+00
1.300000000000000000e+01 1.905712842941284180e+00
1.400000000000000000e+01 1.867481231689453125e+00
1.500000000000000000e+01 1.870672583580017090e+00
1.600000000000000000e+01 1.902145147323608398e+00
1.700000000000000000e+01 1.878698945045471191e+00
1.800000000000000000e+01 1.955199599266052246e+00
1.900000000000000000e+01 1.875850558280944824e+00
2.000000000000000000e+01 1.901206016540527344e+00
2.100000000000000000e+01 1.970661044120788574e+00
2.200000000000000000e+01 1.907606244087219238e+00
2.300000000000000000e+01 1.950967550277709961e+00
2.400000000000000000e+01 1.913646340370178223e+00
2.500000000000000000e+01 1.934602022171020508e+00
2.600000000000000000e+01 1.858061671257019043e+00
2.700000000000000000e+01 1.838161587715148926e+00
2.800000000000000000e+01 1.941819787025451660e+00
2.900000000000000000e+01 1.927419543266296387e+00
3.000000000000000000e+01 1.928943634033203125e+00
3.100000000000000000e+01 1.926527023315429688e+00
3.200000000000000000e+01 1.911772012710571289e+00
3.300000000000000000e+01 1.914823174476623535e+00
3.400000000000000000e+01 2.007292270660400391e+00
3.500000000000000000e+01 1.919752001762390137e+00
3.600000000000000000e+01 1.940932750701904297e+00
3.700000000000000000e+01 1.972239375114440918e+00
3.800000000000000000e+01 1.948171138763427734e+00
3.900000000000000000e+01 1.881160140037536621e+00
4.000000000000000000e+01 1.852579832077026367e+00
4.100000000000000000e+01 1.872516751289367676e+00
4.200000000000000000e+01 1.970310091972351074e+00
4.300000000000000000e+01 1.943500757217407227e+00
4.400000000000000000e+01 1.868030309677124023e+00
4.500000000000000000e+01 1.946622252464294434e+00
4.600000000000000000e+01 1.942414522171020508e+00
4.700000000000000000e+01 1.927089452743530273e+00
4.800000000000000000e+01 1.982107758522033691e+00
4.900000000000000000e+01 1.942200660705566406e+00
5.000000000000000000e+01 1.927869677543640137e+00
5.100000000000000000e+01 1.898532509803771973e+00
5.200000000000000000e+01 1.897495508193969727e+00
5.300000000000000000e+01 1.833003997802734375e+00
5.400000000000000000e+01 1.955542564392089844e+00
5.500000000000000000e+01 1.921838641166687012e+00
5.600000000000000000e+01 1.925460219383239746e+00
5.700000000000000000e+01 1.971748828887939453e+00
5.800000000000000000e+01 1.951874971389770508e+00
5.900000000000000000e+01 1.926595211029052734e+00
6.000000000000000000e+01 1.878320932388305664e+00
6.100000000000000000e+01 1.830871343612670898e+00
6.200000000000000000e+01 1.894925355911254883e+00
6.300000000000000000e+01 1.888334989547729492e+00
6.400000000000000000e+01 1.930676937103271484e+00
6.500000000000000000e+01 1.936231136322021484e+00
6.600000000000000000e+01 1.977228879928588867e+00
6.700000000000000000e+01 1.836452484130859375e+00
6.800000000000000000e+01 1.921744585037231445e+00
6.900000000000000000e+01 1.914649486541748047e+00
7.000000000000000000e+01 1.941732048988342285e+00
7.100000000000000000e+01 1.863645911216735840e+00
7.200000000000000000e+01 1.920906662940979004e+00
7.300000000000000000e+01 1.919810891151428223e+00
7.400000000000000000e+01 1.924872636795043945e+00
7.500000000000000000e+01 1.963048458099365234e+00
7.600000000000000000e+01 1.937848567962646484e+00
7.700000000000000000e+01 1.936643362045288086e+00
7.800000000000000000e+01 1.887643814086914062e+00
7.900000000000000000e+01 1.958844542503356934e+00
8.000000000000000000e+01 1.914012193679809570e+00
8.100000000000000000e+01 1.930182099342346191e+00
8.200000000000000000e+01 1.922869443893432617e+00
8.300000000000000000e+01 1.898041009902954102e+00
8.400000000000000000e+01 1.880388498306274414e+00
8.500000000000000000e+01 1.901722550392150879e+00
8.600000000000000000e+01 1.865107297897338867e+00
8.700000000000000000e+01 1.838915348052978516e+00
8.800000000000000000e+01 1.858325242996215820e+00
8.900000000000000000e+01 1.875081181526184082e+00
9.000000000000000000e+01 1.938139200210571289e+00
9.100000000000000000e+01 1.934653401374816895e+00
9.200000000000000000e+01 1.888368964195251465e+00
9.300000000000000000e+01 1.963289737701416016e+00
9.400000000000000000e+01 1.887364745140075684e+00
9.500000000000000000e+01 1.917514085769653320e+00
9.600000000000000000e+01 1.894207596778869629e+00
9.700000000000000000e+01 1.878187298774719238e+00
9.800000000000000000e+01 1.985613584518432617e+00
9.900000000000000000e+01 1.925344705581665039e+00
