0.000000000000000000e+00 3.084412574768066406e+00
1.000000000000000000e+00 3.138110399246215820e+00
2.000000000000000000e+00 3.154934406280517578e+00
3.000000000000000000e+00 3.087987899780273438e+00
4.000000000000000000e+00 3.135849952697753906e+00
5.000000000000000000e+00 3.093210935592651367e+00
6.000000000000000000e+00 3.113720893859863281e+00
7.000000000000000000e+00 3.061015844345092773e+00
8.000000000000000000e+00 2.992666006088256836e+00
9.000000000000000000e+00 3.091704607009887695e+00
1.000000000000000000e+01 3.106904029846191406e+00
1.100000000000000000e+01 3.111859560012817383e+00
1.200000000000000000e+01 3.093789577484130859e+00
1.300000000000000000e+01 3.134851217269897461e+00
1.400000000000000000e+01 3.068481683731079102e+00
1.500000000000000000e+01 3.092066287994384766e+00
1.600000000000000000e+01 3.101289033889770508e+00
1.700000000000000000e+01 3.011113405227661133e+00
1.800000000000000000e+01 3.169007539749145508e+00
1.900000000000000000e+01 3.123125553131103516e+00
2.000000000000000000e+01 3.154383659362792969e+00
2.100000000000000000e+01 3.140774488449096680e+00
2.200000000000000000e+01 3.123707771301269531e+00
2.300000000000000000e+01 2.988524675369262695e+00
2.400000000000000000e+01 3.072386980056762695e+00
2.500000000000000000e+01 3.154825687408447266e+00
2.600000000000000000e+01 3.063006877899169922e+00
2.700000000000000000e+01 3.018436908721923828e+00
2.800000000000000000e+01 3.063973188400268555e+00
2.900000000000000000e+01 3.067945241928100586e+00
3.000000000000000000e+01 3.082347154617309570e+00
3.100000000000000000e+01 3.084057092666625977e+00
3.200000000000000000e+01 2.990929841995239258e+00
3.300000000000000000e+01 3.028620958328247070e+00
3.400000000000000000e+01 3.063691377639770508e+00
3.500000000000000000e+01 3.115502357482910156e+00
3.600000000000000000e+01 3.073228359222412109e+00
3.700000000000000000e+01 3.090416908264160156e+00
3.800000000000000000e+01 3.127521753311157227e+00
3.900000000000000000e+01 3.016253948211669922e+00
4.000000000000000000e+01 3.054679155349731445e+00
4.100000000000000000e+01 3.085006237030029297e+00
4.200000000000000000e+01 3.076241254806518555e+00
4.300000000000000000e+01 3.090301752090454102e+00
4.400000000000000000e+01 3.070902824401855469e+00
4.500000000000000000e+01 3.146657705307006836e+00
4.600000000000000000e+01 3.148285865783691406e+00
4.700000000000000000e+01 3.110827684402465820e+00
4.800000000000000000e+01 3.115803241729736328e+00
4.900000000000000000e+01 2.972338438034057617e+00
5.000000000000000000e+01 3.097914934158325195e+00
5.100000000000000000e+01 3.138234853744506836e+00
5.200000000000000000e+01 3.137166023254394531e+00
5.300000000000000000e+01 3.070871114730834961e+00
5.400000000000000000e+01 3.099199056625366211e+00
5.500000000000000000e+01 3.131860494613647461e+00
5.600000000000000000e+01 3.120400667190551758e+00
5.700000000000000000e+01 3.124027729034423828e+00
5.800000000000000000e+01 3.099262714385986328e+00
5.900000000000000000e+01 3.151510715484619141e+00
6.000000000000000000e+01 3.075105667114257812e+00
6.100000000000000000e+01 2.964879274368286133e+00
6.200000000000000000e+01 3.035812139511108398e+00
6.300000000000000000e+01 3.074611663818359375e+00
6.400000000000000000e+01 3.131517648696899414e+00
6.500000000000000000e+01 3.085458040237426758e+00
6.600000000000000000e+01 3.151804208755493164e+00
6.700000000000000000e+01 3.032961130142211914e+00
6.800000000000000000e+01 3.058109998703002930e+00
6.900000000000000000e+01 3.153914928436279297e+00
7.000000000000000000e+01 3.011874198913574219e+00
7.100000000000000000e+01 3.163712739944458008e+00
7.200000000000000000e+01 3.057161092758178711e+00
7.300000000000000000e+01 3.084375858306884766e+00
7.400000000000000000e+01 2.973662137985229492e+00
7.500000000000000000e+01 3.123667478561401367e+00
7.600000000000000000e+01 3.054031372070312500e+00
7.700000000000000000e+01 3.113680839538574219e+00
7.800000000000000000e+01 3.127393960952758789e+00
7.900000000000000000e+01 3.136740207672119141e+00
8.000000000000000000e+01 3.047968387603759766e+00
8.100000000000000000e+01 3.070352792739868164e+00
8.200000000000000000e+01 3.109177827835083008e+00
8.300000000000000000e+01 3.043677091598510742e+00
8.400000000000000000e+01 3.039806127548217773e+00
8.500000000000000000e+01 3.003195285797119141e+00
8.600000000000000000e+01 3.096951007843017578e+00
8.700000000000000000e+01 3.048942089080810547e+00
8.800000000000000000e+01 3.116862773895263672e+00
8.900000000000000000e+01 3.081651449203491211e+00
9.000000000000000000e+01 3.085178375244140625e+00
9.100000000000000000e+01 3.025150537490844727e+00
9.200000000000000000e+01 3.073402881622314453e+00
9.300000000000000000e+01 3.063575267791748047e+00
9.400000000000000000e+01 3.159802913665771484e+00
9.500000000000000000e+01 3.068399906158447266e+00
9.600000000000000000e+01 3.093436717987060547e+00
9.700000000000000000e+01 3.166698455810546875e+00
9.800000000000000000e+01 3.133620500564575195e+00
9.900000000000000000e+01 3.026318550109863281e+00
