0.000000000000000000e+00 1.445312857627868652e+00
1.000000000000000000e+00 1.454858541488647461e+00
2.000000000000000000e+00 1.446226119995117188e+00
3.000000000000000000e+00 1.420350551605224609e+00
4.000000000000000000e+00 1.435183644294738770e+00
5.000000000000000000e+00 1.456957221031188965e+00
6.000000000000000000e+00 1.405042767524719238e+00
7.000000000000000000e+00 1.435263991355895996e+00
8.000000000000000000e+00 1.496765255928039551e+00
9.000000000000000000e+00 1.435788512229919434e+00
1.000000000000000000e+01 1.406418442726135254e+00
1.100000000000000000e+01 1.443258285522460938e+00
1.200000000000000000e+01 1.500214576721191406e+00
1.300000000000000000e+01 1.454620718955993652e+00
1.400000000000000000e+01 1.434501886367797852e+00
1.500000000000000000e+01 1.461733460426330566e+00
1.600000000000000000e+01 1.402305126190185547e+00
1.700000000000000000e+01 1.436894178390502930e+00
1.800000000000000000e+01 1.419764399528503418e+00
1.900000000000000000e+01 1.406659960746765137e+00
2.000000000000000000e+01 1.434298157691955566e+00
2.100000000000000000e+01 1.504571676254272461e+00
2.200000000000000000e+01 1.458199620246887207e+00
2.300000000000000000e+01 1.430944204330444336e+00
2.400000000000000000e+01 1.457353353500366211e+00
2.500000000000000000e+01 1.404682993888854980e+00
2.600000000000000000e+01 1.391922831535339355e+00
2.700000000000000000e+01 1.450922727584838867e+00
2.800000000000000000e+01 1.467324018478393555e+00
2.900000000000000000e+01 1.405535936355590820e+00
3.000000000000000000e+01 1.403122544288635254e+00
3.100000000000000000e+01 1.463099837303161621e+00
3.200000000000000000e+01 1.401057958602905273e+00
3.300000000000000000e+01 1.460376143455505371e+00
3.400000000000000000e+01 1.500729203224182129e+00
3.500000000000000000e+01 1.438403844833374023e+00
3.600000000000000000e+01 1.457761645317077637e+00
3.700000000000000000e+01 1.450027704238891602e+00
3.800000000000000000e+01 1.415201663970947266e+00
3.900000000000000000e+01 1.441030263900756836e+00
4.000000000000000000e+01 1.443531632423400879e+00
4.100000000000000000e+01 1.417463660240173340e+00
4.200000000000000000e+01 1.391460657119750977e+00
4.300000000000000000e+01 1.384988784790039062e+00
4.400000000000000000e+01 1.444982647895812988e+00
4.500000000000000000e+01 1.428825139999389648e+00
4.600000000000000000e+01 1.491216540336608887e+00
4.700000000000000000e+01 1.434187531471252441e+00
4.800000000000000000e+01 1.481346964836120605e+00
4.900000000000000000e+01 1.490688085556030273e+00
5.000000000000000000e+01 1.450165748596191406e+00
5.100000000000000000e+01 1.417917132377624512e+00
5.200000000000000000e+01 1.484928131103515625e+00
5.300000000000000000e+01 1.422356367111206055e+00
5.400000000000000000e+01 1.478415489196777344e+00
5.500000000000000000e+01 1.460904955863952637e+00
5.600000000000000000e+01 1.458670616149902344e+00
5.700000000000000000e+01 1.438643813133239746e+00
5.800000000000000000e+01 1.433353185653686523e+00
5.900000000000000000e+01 1.427699446678161621e+00
6.000000000000000000e+01 1.433314085006713867e+00
6.100000000000000000e+01 1.390280246734619141e+00
6.200000000000000000e+01 1.465634226799011230e+00
6.300000000000000000e+01 1.452585935592651367e+00
6.400000000000000000e+01 1.463194012641906738e+00
6.500000000000000000e+01 1.428842544555664062e+00
6.600000000000000000e+01 1.485503196716308594e+00
6.700000000000000000e+01 1.440523982048034668e+00
6.800000000000000000e+01 1.402043700218200684e+00
6.900000000000000000e+01 1.430897712707519531e+00
7.000000000000000000e+01 1.471140980720520020e+00
7.100000000000000000e+01 1.446979880332946777e+00
7.200000000000000000e+01 1.481471180915832520e+00
7.300000000000000000e+01 1.446030139923095703e+00
7.400000000000000000e+01 1.411336421966552734e+00
7.500000000000000000e+01 1.465217709541320801e+00
7.600000000000000000e+01 1.420898199081420898e+00
7.700000000000000000e+01 1.446641921997070312e+00
7.800000000000000000e+01 1.429781317710876465e+00
7.900000000000000000e+01 1.460166692733764648e+00
8.000000000000000000e+01 1.452129364013671875e+00
8.100000000000000000e+01 1.406251549720764160e+00
8.200000000000000000e+01 1.442499637603759766e+00
8.300000000000000000e+01 1.434387207031250000e+00
8.400000000000000000e+01 1.463380932807922363e+00
8.500000000000000000e+01 1.432256817817687988e+00
8.600000000000000000e+01 1.449245691299438477e+00
8.700000000000000000e+01 1.381432294845581055e+00
8.800000000000000000e+01 1.427396416664123535e+00
8.900000000000000000e+01 1.416023135185241699e+00
9.000000000000000000e+01 1.485250949859619141e+00
9.100000000000000000e+01 1.427550435066223145e+00
9.200000000000000000e+01 1.400497198104858398e+00
9.300000000000000000e+01 1.433785676956176758e+00
9.400000000000000000e+01 1.426747202873229980e+00
9.500000000000000000e+01 1.409107804298400879e+00
9.600000000000000000e+01 1.427704334259033203e+00
9.700000000000000000e+01 1.459221363067626953e+00
9.800000000000000000e+01 1.482880353927612305e+00
9.900000000000000000e+01 1.464476227760314941e+00
